[
  {
    "base_i": 2263,
    "base_j": 2264,
    "basepair_idx": 0,
    "bp_type": "CG",
    "dir_xyz": [
      0.6928598107627264,
      -0.5546932444173389,
      0.0
    ],
    "org_i": [
      149.25100656122476,
      135.3040133071503,
      177.23327913611732
    ],
    "org_j": [
      144.22158499173307,
      138.4491118490437,
      177.80377795598787
    ],
    "orien_i": [
      [
        0.9544941616718141,
        0.1442284507422235,
        0.2610345749722029
      ],
      [
        -0.046039861631594785,
        -0.7935258946783699,
        0.6067923743883374
      ],
      [
        0.2946544187270305,
        -0.5911977744134282,
        -0.7507755756903958
      ]
    ],
    "orien_j": [
      [
        -0.9488821957284679,
        0.05295830819308571,
        -0.31115590340349913
      ],
      [
        0.0940807588120456,
        0.9884669397345579,
        -0.11866726538160231
      ],
      [
        0.30128290600508895,
        -0.14187503883743638,
        -0.9429210380005341
      ]
    ],
    "type": "base_pair"
  },
  {
    "base_i": 2266,
    "base_j": 2276,
    "basepair_idx": 1,
    "bp_type": "GC",
    "dir_xyz": [
      -0.8876821735147774,
      -0.9384674772174104,
      0.0
    ],
    "org_i": [
      139.24630772218043,
      131.19108487334378,
      186.5438374145884
    ],
    "org_j": [
      139.96125314601483,
      129.1938480781036,
      183.88733836707493
    ],
    "orien_i": [
      [
        0.026187179062771127,
        0.9826541579420668,
        0.18358931758656968
      ],
      [
        -0.9930457889892658,
        0.0466582421297691,
        -0.10808824826060755
      ],
      [
        -0.1147793214103536,
        -0.1794820724209742,
        0.9770424213185686
      ]
    ],
    "orien_j": [
      [
        0.29967733946754765,
        0.8117066383396777,
        0.5013240723174499
      ],
      [
        -0.8817836109503766,
        0.43626187029503755,
        -0.179257479581719
      ],
      [
        -0.36421306356165595,
        -0.38833994618372103,
        0.8464874071887056
      ]
    ],
    "type": "base_pair"
  },
  {
    "base_i": 2267,
    "base_j": 2275,
    "basepair_idx": 2,
    "bp_type": "GC",
    "dir_xyz": [
      -0.9884470946435489,
      -0.9534832778776874,
      0.0
    ],
    "org_i": [
      139.8429827958679,
      128.09807070046028,
      189.54806135998646
    ],
    "org_j": [
      139.875608750562,
      128.47417116354924,
      188.27360472140148
    ],
    "orien_i": [
      [
        0.8053885333209665,
        0.5420444655236181,
        0.23986893877765247
      ],
      [
        -0.5362753354942247,
        0.8387157550815922,
        -0.0946818183099098
      ],
      [
        -0.25250361370811847,
        -0.052380144836848774,
        0.9661771294598169
      ]
    ],
    "orien_j": [
      [
        0.7623061012966084,
        0.4099045295850317,
        0.5008669329788485
      ],
      [
        -0.362663559775899,
        0.9115035277775336,
        -0.1940011888102327
      ],
      [
        -0.5360639423955295,
        -0.03375789499931009,
        0.8435021364457695
      ]
    ],
    "type": "base_pair"
  },
  {
    "base_i": 2268,
    "base_j": 2274,
    "basepair_idx": 3,
    "bp_type": "CG",
    "dir_xyz": [
      -0.9732846686420804,
      -0.9812782906272267,
      0.0
    ],
    "org_i": [
      141.09978727052632,
      125.72969452127418,
      192.6301505054996
    ],
    "org_j": [
      140.73634180030766,
      125.83820242377558,
      191.98048130170588
    ],
    "orien_i": [
      [
        0.9663599428463135,
        -0.07084770236803091,
        0.24724292493667174
      ],
      [
        0.07245530762076878,
        0.9973682658051785,
        0.002602068859729836
      ],
      [
        -0.24677659787680348,
        0.0153995270687745,
        0.9689500324095194
      ]
    ],
    "orien_j": [
      [
        0.9878078904444205,
        0.05740328696216579,
        0.14470810005553494
      ],
      [
        -0.08150687085284469,
        0.9826532654720852,
        0.16658088083818312
      ],
      [
        -0.13263559695466812,
        -0.1763446129117261,
        0.9753514115012558
      ]
    ],
    "type": "base_pair"
  },
  {
    "base_i": 2270,
    "base_j": 2271,
    "basepair_idx": 4,
    "bp_type": "UU",
    "dir_xyz": [
      0.6357358383634186,
      0.9783327120713254,
      0.0
    ],
    "org_i": [
      144.06824657407202,
      123.24441600424866,
      202.34188288426392
    ],
    "org_j": [
      139.9893983362218,
      121.78323801388085,
      202.1550393538892
    ],
    "orien_i": [
      [
        -0.8472961001270053,
        0.18985941066805448,
        -0.4960269376660374
      ],
      [
        0.08375151791050042,
        0.9700014806657856,
        0.2282165873767083
      ],
      [
        0.524475930770188,
        0.15182401551455105,
        -0.8377794855185835
      ]
    ],
    "orien_j": [
      [
        -0.4363666299394672,
        0.6521755051404747,
        -0.6198800486949383
      ],
      [
        0.7967089856874139,
        0.6002199967897381,
        0.07064522332514162
      ],
      [
        0.4181374850455344,
        -0.46303678681989585,
        -0.7815100624120601
      ]
    ],
    "type": "base_pair"
  }
]