[
  {
    "base_i": 1,
    "base_j": 71,
    "basepair_idx": 0,
    "bp_type": "UA",
    "dir_xyz": [
      -0.9451604735342798,
      -0.9140126579050738,
      0.0
    ],
    "org_i": [
      85.70678324232017,
      64.61281543199712,
      -31.991326428428373
    ],
    "org_j": [
      85.5466031051936,
      64.62302248915816,
      -32.18101473265107
    ],
    "orien_i": [
      [
        0.290476267388611,
        -0.13287690986427744,
        0.9476113469713738
      ],
      [
        -0.30867468694525757,
        -0.9503822603163168,
        -0.03864578780794124
      ],
      [
        0.9057281466992333,
        -0.2812779516794195,
        -0.3170792301236438
      ]
    ],
    "orien_j": [
      [
        0.028517738086032723,
        -0.44915142447840123,
        0.8930004123758728
      ],
      [
        -0.3079519387650414,
        -0.8538594470288791,
        -0.4196303708388949
      ],
      [
        0.9509744171245134,
        -0.2630342993006032,
        -0.16266719203985805
      ]
    ],
    "type": "base_pair"
  },
  {
    "base_i": 2,
    "base_j": 70,
    "basepair_idx": 1,
    "bp_type": "CG",
    "dir_xyz": [
      -0.984817978876358,
      -0.9603471718459956,
      0.0
    ],
    "org_i": [
      89.5242623712379,
      65.46796601306228,
      -32.887086141124946
    ],
    "org_j": [
      89.23374304648975,
      65.39089330872281,
      -33.024879513282066
    ],
    "orien_i": [
      [
        0.03318317906008522,
        -0.3618138002511154,
        0.9316596216297627
      ],
      [
        -0.7734698272262001,
        -0.5996535842538191,
        -0.20532901709748774
      ],
      [
        0.6329639033927122,
        -0.7137971370350221,
        -0.2997504698286015
      ]
    ],
    "orien_j": [
      [
        -0.21408795527733332,
        -0.49218624804896005,
        0.8437529523721137
      ],
      [
        -0.737967885358338,
        -0.4844243623666536,
        -0.4698259649331912
      ],
      [
        0.6399763648642922,
        -0.7232466621956503,
        -0.25950822344954266
      ]
    ],
    "type": "base_pair"
  },
  {
    "base_i": 3,
    "base_j": 69,
    "basepair_idx": 2,
    "bp_type": "CG",
    "dir_xyz": [
      -0.993015006808217,
      -0.9615860910205508,
      0.0
    ],
    "org_i": [
      92.90006731289225,
      65.05785224665891,
      -32.367335645803315
    ],
    "org_j": [
      93.10043442338137,
      65.07539269057173,
      -32.62236529280315
    ],
    "orien_i": [
      [
        -0.3067101259337047,
        -0.2201024227497968,
        0.9260042236131545
      ],
      [
        -0.9272528017015511,
        -0.15044450957214228,
        -0.3428829119046648
      ],
      [
        0.21478161091293518,
        -0.9638056718235621,
        -0.15794773367914205
      ]
    ],
    "orien_j": [
      [
        -0.5322353745031931,
        -0.3082292649896939,
        0.7884923755695795
      ],
      [
        -0.8131246702002133,
        -0.07318413537255636,
        -0.5774706512382821
      ],
      [
        0.2356984871382083,
        -0.948492911166807,
        -0.2116776337430941
      ]
    ],
    "type": "base_pair"
  },
  {
    "base_i": 4,
    "base_j": 68,
    "basepair_idx": 3,
    "bp_type": "GC",
    "dir_xyz": [
      -0.982326687884032,
      -0.9434880690786043,
      0.0
    ],
    "org_i": [
      96.07105493334579,
      62.713523369793414,
      -31.5192317065575
    ],
    "org_j": [
      95.92544523728537,
      62.5541792318039,
      -31.78393335584051
    ],
    "orien_i": [
      [
        -0.5792293405648723,
        -0.027175596091542742,
        0.8147115182724818
      ],
      [
        -0.7571036679082316,
        0.388375360277353,
        -0.5253176330272367
      ],
      [
        -0.302138059616271,
        -0.9211004649366461,
        -0.2455331473035955
      ]
    ],
    "orien_j": [
      [
        -0.783768615319454,
        0.08435532303260024,
        0.6152974379243678
      ],
      [
        -0.5824785042461167,
        0.24387701277240947,
        -0.7753984748066071
      ],
      [
        -0.21546588994880875,
        -0.9661305202286447,
        -0.14200798622364919
      ]
    ],
    "type": "base_pair"
  },
  {
    "base_i": 5,
    "base_j": 67,
    "basepair_idx": 4,
    "bp_type": "UG",
    "dir_xyz": [
      -0.9980369550585333,
      -0.9762811044778531,
      0.0
    ],
    "org_i": [
      96.7713899590057,
      59.49111134937175,
      -32.36161215547339
    ],
    "org_j": [
      98.35149254571188,
      60.389038431011365,
      -30.73077334257297
    ],
    "orien_i": [
      [
        -0.3955223941593218,
        0.543836909057794,
        0.7401374548453437
      ],
      [
        -0.3144796969424146,
        0.6769500397292478,
        -0.665463119880867
      ],
      [
        -0.8629394856706265,
        -0.495963768895506,
        -0.0967232340933655
      ]
    ],
    "orien_j": [
      [
        -0.5534385397683723,
        0.4926910394190641,
        0.6715365383768883
      ],
      [
        -0.1856220500090152,
        0.7130321856363284,
        -0.6761135679729635
      ],
      [
        -0.8119422622634582,
        -0.49883929468601673,
        -0.3031651708683813
      ]
    ],
    "type": "base_pair"
  },
  {
    "base_i": 6,
    "base_j": 66,
    "basepair_idx": 5,
    "bp_type": "GC",
    "dir_xyz": [
      -0.9749711742613953,
      -0.954984739923633,
      0.0
    ],
    "org_i": [
      98.38625308602147,
      55.61587441178268,
      -31.775328581950507
    ],
    "org_j": [
      98.24636135850704,
      56.08114076039113,
      -31.865880541720284
    ],
    "orien_i": [
      [
        -0.3233561119402608,
        0.6071683851540055,
        0.7258011965685607
      ],
      [
        0.01595335822480165,
        0.7703957097455434,
        -0.6373664101339287
      ],
      [
        -0.9461428619570242,
        -0.19451735777338092,
        -0.25879853610991277
      ]
    ],
    "orien_j": [
      [
        -0.4103208010791488,
        0.7633142275812834,
        0.49898720441886485
      ],
      [
        0.20729237396886852,
        0.6109155204859373,
        -0.764075976931448
      ],
      [
        -0.8880690918482166,
        -0.21008002475576942,
        -0.40890056407701236
      ]
    ],
    "type": "base_pair"
  },
  {
    "base_i": 7,
    "base_j": 65,
    "basepair_idx": 6,
    "bp_type": "AU",
    "dir_xyz": [
      -0.9891152920893064,
      -0.9785451519874923,
      0.0
    ],
    "org_i": [
      98.84933584515808,
      52.86442578789266,
      -32.79593161635662
    ],
    "org_j": [
      98.72378192922163,
      53.39998266850848,
      -32.61783567233518
    ],
    "orien_i": [
      [
        0.0774783523055198,
        0.8646986893648554,
        0.4962794389602727
      ],
      [
        0.4831632741984295,
        0.40285155135002637,
        -0.7773441181617896
      ],
      [
        -0.8720953820482453,
        0.3000113400949679,
        -0.3865783755262917
      ]
    ],
    "orien_j": [
      [
        0.01819870082225644,
        0.781899895255541,
        0.6231383161768785
      ],
      [
        0.6013201638930187,
        0.48936899659459776,
        -0.6316106757074877
      ],
      [
        -0.7988008937050927,
        0.38620012813484417,
        -0.4612662932022833
      ]
    ],
    "type": "base_pair"
  },
  {
    "base_i": 10,
    "base_j": 25,
    "basepair_idx": 7,
    "bp_type": "GU",
    "dir_xyz": [
      -0.9996294778132141,
      -0.994048705060066,
      0.0
    ],
    "org_i": [
      109.76682580078113,
      50.09209239701056,
      -11.981995053185523
    ],
    "org_j": [
      111.76332175557738,
      49.06358497051986,
      -13.018363539998447
    ],
    "orien_i": [
      [
        0.9257261011553799,
        -0.3220832163814482,
        -0.19822610162398013
      ],
      [
        -0.1582798413992017,
        -0.8059752812822598,
        0.5703957729231743
      ],
      [
        -0.3434802431673514,
        -0.49665505905745405,
        -0.7970916351752375
      ]
    ],
    "orien_j": [
      [
        0.933947801733253,
        -0.3452331469500154,
        -0.09249636687250802
      ],
      [
        -0.23746695407277985,
        -0.79280158127727,
        0.5613155070436384
      ],
      [
        -0.26711598484744564,
        -0.5022745533781794,
        -0.8224167578957335
      ]
    ],
    "type": "base_pair"
  },
  {
    "base_i": 11,
    "base_j": 24,
    "basepair_idx": 8,
    "bp_type": "UA",
    "dir_xyz": [
      -0.994156824000924,
      -0.9721168615531608,
      0.0
    ],
    "org_i": [
      111.24935802100806,
      52.32483432972675,
      -14.159587851359172
    ],
    "org_j": [
      111.2238252905735,
      52.09397984312393,
      -14.553447922765582
    ],
    "orien_i": [
      [
        0.366104944398276,
        -0.9205979444835942,
        -0.13589184780448027
      ],
      [
        -0.6036051872506446,
        -0.3460670467986915,
        0.7182606609331643
      ],
      [
        -0.7082569785122128,
        -0.18093375509454573,
        -0.682374551588889
      ]
    ],
    "orien_j": [
      [
        0.4445331556921128,
        -0.8858924370045909,
        -0.13260793169519985
      ],
      [
        -0.7192316513955224,
        -0.4412376263678448,
        0.5366704656566635
      ],
      [
        -0.5339439157077095,
        -0.14319199396382906,
        -0.8333066348850111
      ]
    ],
    "type": "base_pair"
  },
  {
    "base_i": 12,
    "base_j": 23,
    "basepair_idx": 9,
    "bp_type": "UA",
    "dir_xyz": [
      -0.9942154674151323,
      -0.9928110210944672,
      0.0
    ],
    "org_i": [
      112.62574571108605,
      54.179261277034364,
      -17.2637642350144
    ],
    "org_j": [
      112.52434892961229,
      54.13953515886118,
      -17.030490713408238
    ],
    "orien_i": [
      [
        -0.16182230169606668,
        -0.9789156776082881,
        -0.12465006540909952
      ],
      [
        -0.9345987902494368,
        0.11148505747377595,
        0.3377812653543085
      ],
      [
        -0.31676275655145464,
        0.17115834216530168,
        -0.9329341766540387
      ]
    ],
    "orien_j": [
      [
        -0.23301950915063996,
        -0.9721497563337455,
        -0.025035167573518452
      ],
      [
        -0.8926530513667629,
        0.20360855923720667,
        0.40213689769897537
      ],
      [
        -0.3858399127109611,
        0.11605346123915589,
        -0.9152372129090958
      ]
    ],
    "type": "base_pair"
  },
  {
    "base_i": 13,
    "base_j": 22,
    "basepair_idx": 10,
    "bp_type": "PG",
    "dir_xyz": [
      -0.9971310273203922,
      -0.9982936499340468,
      0.0
    ],
    "org_i": [
      113.98054098309753,
      52.63879570362703,
      -20.865606892410735
    ],
    "org_j": [
      114.80490449687422,
      54.41468871172714,
      -20.245004922136435
    ],
    "orien_i": [
      [
        -0.5785093883852768,
        -0.8149813932314105,
        -0.03364842101320989
      ],
      [
        -0.777313601304948,
        0.5383299445062772,
        0.3255525089355037
      ],
      [
        -0.24720528468547284,
        0.21449055814757387,
        -0.944925048715038
      ]
    ],
    "orien_j": [
      [
        -0.5357445182246928,
        -0.8396983113113888,
        -0.0887950289880784
      ],
      [
        -0.8080964090304207,
        0.47938470350698603,
        0.3423017670939756
      ],
      [
        -0.24486323714337144,
        0.2551412393642412,
        -0.935384917064279
      ]
    ],
    "type": "base_pair"
  },
  {
    "base_i": 14,
    "base_j": 21,
    "basepair_idx": 11,
    "bp_type": "AA",
    "dir_xyz": [
      -0.6841518058303275,
      -0.9998486636031171,
      0.0
    ],
    "org_i": [
      117.27732839206054,
      52.638509633921934,
      -24.56375695326723
    ],
    "org_j": [
      112.91743649724067,
      47.91704166575155,
      -25.30054650580577
    ],
    "orien_i": [
      [
        -0.8270082542218836,
        -0.5416723969560104,
        -0.15049372686196147
      ],
      [
        -0.5602166389357799,
        0.7716213674783085,
        0.30126032382377155
      ],
      [
        -0.04706022639523252,
        0.33345386431534396,
        -0.941591129665522
      ]
    ],
    "orien_j": [
      [
        -0.16903912669940924,
        -0.971600539669061,
        -0.16558431374828436
      ],
      [
        -0.9492583818098574,
        0.11528498110475871,
        0.2926053616996895
      ],
      [
        -0.2652061428557637,
        0.20664405253107243,
        -0.9417876285793435
      ]
    ],
    "type": "base_pair"
  },
  {
    "base_i": 15,
    "base_j": 47,
    "basepair_idx": 12,
    "bp_type": "AU",
    "dir_xyz": [
      -0.9558057353605793,
      0.9914580969623705,
      0.0
    ],
    "org_i": [
      115.16759024194569,
      51.966455787351094,
      -27.598546966472824
    ],
    "org_j": [
      116.1318545002741,
      51.61145548669632,
      -27.674484281991248
    ],
    "orien_i": [
      [
        -0.9343316666908673,
        0.2497802749065146,
        -0.25423247409859356
      ],
      [
        0.1867092998037872,
        0.9506445140470603,
        0.2478197838732983
      ],
      [
        0.3035852005375848,
        0.18407830447897647,
        -0.9348535734727124
      ]
    ],
    "orien_j": [
      [
        0.8411507533712772,
        -0.5203368267549598,
        -0.14736009237752223
      ],
      [
        -0.4562916738166238,
        -0.8291114582488626,
        0.3230667086006672
      ],
      [
        -0.29028144706225506,
        -0.20450862212391818,
        -0.9348330893632402
      ]
    ],
    "type": "base_pair"
  },
  {
    "base_i": 17,
    "base_j": 54,
    "basepair_idx": 13,
    "bp_type": "GP",
    "dir_xyz": [
      -0.38806923150505124,
      0.9370320859900094,
      0.0
    ],
    "org_i": [
      116.37790453687047,
      48.093465642240815,
      -44.15785094509275
    ],
    "org_j": [
      114.84419841114183,
      43.948285745957705,
      -42.070646686050246
    ],
    "orien_i": [
      [
        0.00730208214865058,
        0.42330607070559956,
        0.9059573114115698
      ],
      [
        0.5086013771716964,
        0.7784725206218354,
        -0.3678385158948689
      ],
      [
        -0.8609711486079821,
        0.46345712330319394,
        -0.20960958022995974
      ]
    ],
    "orien_j": [
      [
        -0.6851873796434077,
        -0.1279078824341261,
        0.7170479958751845
      ],
      [
        -0.7279308171924893,
        0.15431183594591252,
        -0.6680603136457639
      ],
      [
        -0.025198812648129065,
        -0.9797078293543537,
        -0.1988406119053775
      ]
    ],
    "type": "base_pair"
  },
  {
    "base_i": 18,
    "base_j": 55,
    "basepair_idx": 14,
    "bp_type": "GC",
    "dir_xyz": [
      -0.9558265772893486,
      -0.9517570369076925,
      0.0
    ],
    "org_i": [
      123.89461093564691,
      46.8084230680497,
      -44.26169892917003
    ],
    "org_j": [
      123.31569373749716,
      46.37376278734709,
      -43.459154776568965
    ],
    "orien_i": [
      [
        0.1971747800376192,
        0.08027425181853332,
        0.9770763279355872
      ],
      [
        0.8807848771901724,
        0.4231527163622001,
        -0.21250830277517235
      ],
      [
        -0.43051144726965074,
        0.9024953313620332,
        0.012730696741518055
      ]
    ],
    "orien_j": [
      [
        0.057685684241992274,
        0.313297691328768,
        0.9479013231563704
      ],
      [
        0.9611266772447526,
        0.23937348149016913,
        -0.13760758208666185
      ],
      [
        -0.2700145776101633,
        0.9189912366107418,
        -0.2873103459861226
      ]
    ],
    "type": "base_pair"
  },
  {
    "base_i": 26,
    "base_j": 44,
    "basepair_idx": 15,
    "bp_type": "GA",
    "dir_xyz": [
      -0.8777586487873282,
      -0.9369689777177018,
      0.0
    ],
    "org_i": [
      113.64586012397633,
      46.422577537319356,
      -11.441279694356844
    ],
    "org_j": [
      114.53341638377796,
      44.89018225830731,
      -10.70565759199237
    ],
    "orien_i": [
      [
        0.9353740106812789,
        -0.33189573477597334,
        0.12215024101300748
      ],
      [
        0.3149749928671435,
        0.6247231451005804,
        -0.7145010467759879
      ],
      [
        0.16082976717747866,
        0.7067999810506197,
        0.6888886504918499
      ]
    ],
    "orien_j": [
      [
        0.689800769739978,
        -0.7101192492121025,
        0.1410870297531776
      ],
      [
        0.6899632890603855,
        0.5857227291010254,
        -0.42529935852693446
      ],
      [
        0.21937538105974674,
        0.3907166959740611,
        0.8939882021995615
      ]
    ],
    "type": "base_pair"
  },
  {
    "base_i": 27,
    "base_j": 43,
    "basepair_idx": 16,
    "bp_type": "GC",
    "dir_xyz": [
      -0.9942912228719784,
      -0.9858985946221281,
      0.0
    ],
    "org_i": [
      116.89939833961284,
      44.18244021593622,
      -8.338639735441628
    ],
    "org_j": [
      116.91455104370827,
      44.34402997541385,
      -7.94054390640804
    ],
    "orien_i": [
      [
        0.41292058986258967,
        -0.8976896957411915,
        0.15378490377022613
      ],
      [
        0.8834861220027006,
        0.3537830810690506,
        -0.307066448473158
      ],
      [
        0.22124388962445946,
        0.26266088728506254,
        0.9391807065706064
      ]
    ],
    "orien_j": [
      [
        0.360869798515513,
        -0.8837513071333708,
        0.29792048546454664
      ],
      [
        0.9266514369081417,
        0.3037034067002699,
        -0.2215431227430142
      ],
      [
        0.10530955794916655,
        0.35601666800686244,
        0.9285268058089879
      ]
    ],
    "type": "base_pair"
  },
  {
    "base_i": 28,
    "base_j": 42,
    "basepair_idx": 17,
    "bp_type": "GC",
    "dir_xyz": [
      -0.980709827109597,
      -0.9718853792116897,
      0.0
    ],
    "org_i": [
      119.26947546894675,
      43.23063724754628,
      -5.975532393930787
    ],
    "org_j": [
      119.01175601944136,
      43.42220694978962,
      -6.108696504191895
    ],
    "orien_i": [
      [
        -0.19468614265542877,
        -0.943777482866234,
        0.2671729190854216
      ],
      [
        0.9412357121097614,
        -0.25639934959641814,
        -0.21985155850201216
      ],
      [
        0.27599391317052624,
        0.20867064087026949,
        0.9382344715110453
      ]
    ],
    "orien_j": [
      [
        -0.26167526686173304,
        -0.9637853467671326,
        0.05141847984721999
      ],
      [
        0.954263282320268,
        -0.26633595938294985,
        -0.135818793820709
      ],
      [
        0.14459475346010792,
        0.013526348233053966,
        0.9893985017045906
      ]
    ],
    "type": "base_pair"
  },
  {
    "base_i": 29,
    "base_j": 41,
    "basepair_idx": 18,
    "bp_type": "CG",
    "dir_xyz": [
      -0.7765585938669948,
      -0.716322246417951,
      0.0
    ],
    "org_i": [
      119.88211450616494,
      43.540628141858406,
      -4.542550302213318
    ],
    "org_j": [
      120.58989704173925,
      43.31947865428108,
      -2.9706478472166387
    ],
    "orien_i": [
      [
        -0.6513796628567415,
        -0.44772636468751126,
        0.6125729647808029
      ],
      [
        0.6900656495091578,
        -0.685233203822858,
        0.23294818253458255
      ],
      [
        0.31545829230524497,
        0.5744532694156825,
        0.7553075579348398
      ]
    ],
    "orien_j": [
      [
        -0.7381455397977126,
        -0.6725844360053584,
        -0.05264350406363331
      ],
      [
        0.6742481822296488,
        -0.7381299732999702,
        -0.023527245401875257
      ],
      [
        -0.02303368916952659,
        -0.05286131817822433,
        0.9983361809549438
      ]
    ],
    "type": "base_pair"
  },
  {
    "base_i": 30,
    "base_j": 40,
    "basepair_idx": 19,
    "bp_type": "GU",
    "dir_xyz": [
      -0.9953499693636411,
      -0.9933665581900086,
      0.0
    ],
    "org_i": [
      122.02213296328313,
      46.13572696717793,
      0.17034000412479788
    ],
    "org_j": [
      119.66924102528273,
      46.46841892567339,
      0.4654945966072751
    ],
    "orien_i": [
      [
        -0.9018737361796845,
        -0.32003021761820394,
        -0.2901799851825443
      ],
      [
        0.29028189540843463,
        -0.9464104997275861,
        0.14157537640235054
      ],
      [
        -0.31993778330697864,
        0.043449117558652606,
        0.9464417515071865
      ]
    ],
    "orien_j": [
      [
        -0.9110005416369733,
        -0.3618701431996971,
        -0.19780801954868138
      ],
      [
        0.32135260657954456,
        -0.9235011194514133,
        0.2094712023561201
      ],
      [
        -0.25847730148249626,
        0.12726225611946723,
        0.9575979337831246
      ]
    ],
    "type": "base_pair"
  },
  {
    "base_i": 31,
    "base_j": 39,
    "basepair_idx": 20,
    "bp_type": "CG",
    "dir_xyz": [
      -0.9927846592381614,
      -0.969143242129342,
      0.0
    ],
    "org_i": [
      120.71877131911886,
      48.61815343488992,
      2.68960478891706
    ],
    "org_j": [
      120.70851712029734,
      48.510795102966114,
      3.3870178528756796
    ],
    "orien_i": [
      [
        -0.8961360289095133,
        0.2838512801770607,
        -0.3411285218684184
      ],
      [
        -0.3489439060982084,
        -0.9256288888489349,
        0.14645583131173387
      ],
      [
        -0.2741867394445124,
        0.25027906598461275,
        0.9285375711529702
      ]
    ],
    "orien_j": [
      [
        -0.925284877224478,
        0.36595579524629257,
        -0.0996205395756138
      ],
      [
        -0.3769819052277485,
        -0.9162295585284191,
        0.13567622934646806
      ],
      [
        -0.041623780589222434,
        0.16309430402215802,
        0.9857320674934892
      ]
    ],
    "type": "base_pair"
  },
  {
    "base_i": 32,
    "base_j": 38,
    "basepair_idx": 21,
    "bp_type": "PC",
    "dir_xyz": [
      -0.9431634593649451,
      -0.929404759997206,
      0.0
    ],
    "org_i": [
      117.6757460123788,
      48.97116269691243,
      4.289711659253499
    ],
    "org_j": [
      119.049037068182,
      52.11613663961992,
      7.945082829789243
    ],
    "orien_i": [
      [
        -0.5016228862887764,
        0.6714049556746924,
        -0.545517979031656
      ],
      [
        -0.8393962718839794,
        -0.5302897744687862,
        0.11919166850548296
      ],
      [
        -0.20925672915964838,
        0.5176950266221501,
        0.8295803039562217
      ]
    ],
    "orien_j": [
      [
        -0.10859076566426899,
        0.6171198116203558,
        -0.7793402233415805
      ],
      [
        -0.9562982722529845,
        -0.27894994250016353,
        -0.08763871327850759
      ],
      [
        -0.2714804967182814,
        0.7357649541020639,
        0.6204419974637301
      ]
    ],
    "type": "base_pair"
  },
  {
    "base_i": 48,
    "base_j": 64,
    "basepair_idx": 22,
    "bp_type": "cG",
    "dir_xyz": [
      -0.9917650109226539,
      -0.9821014501273263,
      0.0
    ],
    "org_i": [
      99.72821136628163,
      49.63266365151834,
      -34.593041918428945
    ],
    "org_j": [
      99.60646505763947,
      50.16727258665121,
      -34.210011972385296
    ],
    "orien_i": [
      [
        0.49143234112529927,
        0.6905766045503667,
        0.5306582773723536
      ],
      [
        0.7641440067407692,
        -0.049580133385547065,
        -0.643137424922259
      ],
      [
        -0.41782555098781415,
        0.721557872676307,
        -0.5520652545855171
      ]
    ],
    "orien_j": [
      [
        0.44008052727880753,
        0.5932731043953677,
        0.6740594581422987
      ],
      [
        0.8511252594800124,
        -0.03633435162080256,
        -0.5237037402648341
      ],
      [
        -0.2862078304049137,
        0.8041808493699527,
        -0.5209397655406363
      ]
    ],
    "type": "base_pair"
  },
  {
    "base_i": 49,
    "base_j": 63,
    "basepair_idx": 23,
    "bp_type": "GC",
    "dir_xyz": [
      -0.998463345353275,
      -0.993992906217984,
      0.0
    ],
    "org_i": [
      100.517907119796,
      48.43245259842587,
      -37.49582129344081
    ],
    "org_j": [
      100.52464288383202,
      48.274967655622326,
      -37.382885712257774
    ],
    "orien_i": [
      [
        0.6587086518487206,
        0.2606506435239059,
        0.7058074482535693
      ],
      [
        0.7046390494700415,
        -0.5426018833778845,
        -0.45723845651555717
      ],
      [
        0.26379295278986803,
        0.7985264167110231,
        -0.5410811767868626
      ]
    ],
    "orien_j": [
      [
        0.5872950055139824,
        0.30560747184655934,
        0.7494589045770859
      ],
      [
        0.7477774241458854,
        -0.5591936020815321,
        -0.35795452131356764
      ],
      [
        0.3096990481678552,
        0.770653351736457,
        -0.5569379777150135
      ]
    ],
    "type": "base_pair"
  },
  {
    "base_i": 50,
    "base_j": 62,
    "basepair_idx": 24,
    "bp_type": "GC",
    "dir_xyz": [
      -0.9930887074269006,
      -0.984995596421099,
      0.0
    ],
    "org_i": [
      102.25184368337383,
      48.22035511495717,
      -40.99430449781069
    ],
    "org_j": [
      102.41290453876954,
      48.04749837605156,
      -40.75526061227871
    ],
    "orien_i": [
      [
        0.615408242350305,
        -0.1036390175428589,
        0.781365247045234
      ],
      [
        0.3918672784316055,
        -0.8198953222585256,
        -0.4173867470742157
      ],
      [
        0.6838952634299459,
        0.5630547172179092,
        -0.46395759943851045
      ]
    ],
    "orien_j": [
      [
        0.4931180467334058,
        -0.055662890636176826,
        0.8681798400054306
      ],
      [
        0.38814486484483113,
        -0.879041064073799,
        -0.2768219130896082
      ],
      [
        0.7785744382397985,
        0.4734854277356673,
        -0.4118657473516751
      ]
    ],
    "type": "base_pair"
  },
  {
    "base_i": 51,
    "base_j": 61,
    "basepair_idx": 25,
    "bp_type": "GC",
    "dir_xyz": [
      -0.9882587684965477,
      -0.973347134872321,
      0.0
    ],
    "org_i": [
      105.59645187423632,
      48.62165323515606,
      -42.3506308444764
    ],
    "org_j": [
      106.14199704455966,
      48.19623264992803,
      -42.691343473223235
    ],
    "orien_i": [
      [
        0.4871712423655218,
        -0.37617725205815455,
        0.7881337802974878
      ],
      [
        -0.10200083211153574,
        -0.9208042577195771,
        -0.37645099178253194
      ],
      [
        0.8673292401738727,
        0.10300579595087497,
        -0.4869597469400714
      ]
    ],
    "orien_j": [
      [
        0.34569012419722367,
        -0.23692696973111838,
        0.9079449041910735
      ],
      [
        -0.024867783917184375,
        -0.9695719196848217,
        -0.2435403167480444
      ],
      [
        0.9380191529790617,
        0.06161090465753036,
        -0.3410632860214132
      ]
    ],
    "type": "base_pair"
  },
  {
    "base_i": 52,
    "base_j": 60,
    "basepair_idx": 26,
    "bp_type": "GC",
    "dir_xyz": [
      -0.9573151513706715,
      -0.942496403200789,
      0.0
    ],
    "org_i": [
      109.57181441598648,
      48.76556720461447,
      -42.99297984737489
    ],
    "org_j": [
      109.84831657852396,
      48.21622492090976,
      -42.75760876165687
    ],
    "orien_i": [
      [
        0.1204685383282596,
        -0.6035924638923267,
        0.7881392445535519
      ],
      [
        -0.5454149047237569,
        -0.7036032451617247,
        -0.4554833203346369
      ],
      [
        0.8294636296898305,
        -0.3749914811436129,
        -0.41397038069346387
      ]
    ],
    "orien_j": [
      [
        -0.030756574008466958,
        -0.34791254222751966,
        0.937022356251998
      ],
      [
        -0.478600994023901,
        -0.8178835499518717,
        -0.31938626651354035
      ],
      [
        0.8774936590509334,
        -0.4582830584681357,
        -0.14135599260907092
      ]
    ],
    "type": "base_pair"
  },
  {
    "base_i": 53,
    "base_j": 57,
    "basepair_idx": 27,
    "bp_type": "tA",
    "dir_xyz": [
      0.06201494900907369,
      -0.990034478793551,
      0.0
    ],
    "org_i": [
      112.86706829230063,
      47.58808140901466,
      -42.90266605424014
    ],
    "org_j": [
      114.56743298534143,
      51.99386706795518,
      -42.915274786974514
    ],
    "orien_i": [
      [
        -0.248865121146913,
        -0.4253743705146443,
        0.8701280344787209
      ],
      [
        -0.9146870280802522,
        -0.19216913661993623,
        -0.35555402345137954
      ],
      [
        0.3184553220441576,
        -0.8843798210271524,
        -0.3412602233219299
      ]
    ],
    "orien_j": [
      [
        -0.2847147057121116,
        0.24675656733840415,
        0.9263091993641397
      ],
      [
        -0.17846005801235496,
        0.9357660645163952,
        -0.30412806544895626
      ],
      [
        -0.9418543114757678,
        -0.25189892610899584,
        -0.22239016835202513
      ]
    ],
    "type": "base_pair"
  },
  {
    "base_i": 76,
    "base_j": 146,
    "basepair_idx": 28,
    "bp_type": "UA",
    "dir_xyz": [
      -0.9872830200147285,
      -0.9800633731631279,
      0.0
    ],
    "org_i": [
      56.861411655484424,
      31.16090253135091,
      -16.051403499206515
    ],
    "org_j": [
      56.52511624190483,
      30.894934142878945,
      -16.38067126033044
    ],
    "orien_i": [
      [
        -0.300636533436871,
        0.28221841232075856,
        -0.9110271359900379
      ],
      [
        0.950933062975583,
        0.16191471882260094,
        -0.2636473659426046
      ],
      [
        0.07310256153471456,
        -0.9455878550276267,
        -0.3170482990355174
      ]
    ],
    "orien_j": [
      [
        -0.17717795760147942,
        0.43089190684639844,
        -0.8848390452248605
      ],
      [
        0.9798746914520279,
        0.1612242192878408,
        -0.11769596495555334
      ],
      [
        0.09194324549395133,
        -0.8878845171131775,
        -0.4507854521596035
      ]
    ],
    "type": "base_pair"
  },
  {
    "base_i": 77,
    "base_j": 145,
    "basepair_idx": 29,
    "bp_type": "CG",
    "dir_xyz": [
      -0.991910682841954,
      -0.9707089508794178,
      0.0
    ],
    "org_i": [
      53.14578980503,
      30.017246054842186,
      -16.036839739968666
    ],
    "org_j": [
      52.79634507084509,
      29.9134996099361,
      -16.40930356226514
    ],
    "orien_i": [
      [
        -0.10427506131415248,
        0.37047843816942333,
        -0.9229693594261265
      ],
      [
        0.893484668181342,
        -0.37270738814277,
        -0.2505481002695322
      ],
      [
        -0.43682016816168956,
        -0.8507848903661483,
        -0.29215271864532405
      ]
    ],
    "orien_j": [
      [
        0.085230700451004,
        0.4852239620663117,
        -0.8702260823126949
      ],
      [
        0.927840235482035,
        -0.3569517527223993,
        -0.10815703236058422
      ],
      [
        -0.3631091091136004,
        -0.7982124735088254,
        -0.48063356313687633
      ]
    ],
    "type": "base_pair"
  },
  {
    "base_i": 78,
    "base_j": 144,
    "basepair_idx": 30,
    "bp_type": "CG",
    "dir_xyz": [
      -0.9790792875402884,
      -0.977344382988632,
      0.0
    ],
    "org_i": [
      49.54006811968002,
      30.180234436569183,
      -16.489887321518616
    ],
    "org_j": [
      49.52183935103093,
      30.325093933539165,
      -16.907056177849025
    ],
    "orien_i": [
      [
        0.3197815923868992,
        0.28340921846732636,
        -0.9041122430640116
      ],
      [
        0.6511687310336013,
        -0.7588952137117115,
        -0.007572207706144807
      ],
      [
        -0.6882724873875088,
        -0.58630816938978,
        -0.427227941048121
      ]
    ],
    "orien_j": [
      [
        0.38598110131105756,
        0.447914707381792,
        -0.8064682289723427
      ],
      [
        0.6341410726504355,
        -0.7637417168173829,
        -0.1206801142301078
      ],
      [
        -0.6699878278061911,
        -0.4648343843821371,
        -0.5788309819693668
      ]
    ],
    "type": "base_pair"
  },
  {
    "base_i": 79,
    "base_j": 143,
    "basepair_idx": 31,
    "bp_type": "GC",
    "dir_xyz": [
      -0.9910869448750564,
      -0.9457149876793609,
      0.0
    ],
    "org_i": [
      46.77907003192072,
      32.09961806779732,
      -18.931558483671267
    ],
    "org_j": [
      46.604554473897814,
      31.96516015767656,
      -18.952766606024056
    ],
    "orien_i": [
      [
        0.5735001564831639,
        0.0864438514551314,
        -0.8146318377398406
      ],
      [
        0.12798297604820041,
        -0.9916609626511244,
        -0.015129210015455391
      ],
      [
        -0.8091464196025541,
        -0.09558240266622918,
        -0.5797810586289609
      ]
    ],
    "orien_j": [
      [
        0.79323171594325,
        -0.03066381889860955,
        -0.6081473300379449
      ],
      [
        0.0730773549370686,
        -0.9867190255470766,
        0.1450698618556925
      ],
      [
        -0.6045189368556864,
        -0.15951581374265464,
        -0.7804559950111791
      ]
    ],
    "type": "base_pair"
  },
  {
    "base_i": 80,
    "base_j": 142,
    "basepair_idx": 32,
    "bp_type": "UG",
    "dir_xyz": [
      -0.9972453544238704,
      -0.9704432924760464,
      0.0
    ],
    "org_i": [
      45.71030974975031,
      32.98197812185262,
      -22.79592582511199
    ],
    "org_j": [
      44.86860546291225,
      33.79905810544726,
      -20.86694364729303
    ],
    "orien_i": [
      [
        0.45517396343026084,
        -0.3964093903237648,
        -0.7972930817951005
      ],
      [
        -0.5900576866769984,
        -0.8048745767495352,
        0.06331541751931877
      ],
      [
        -0.6668197578120918,
        0.44162938190908174,
        -0.6002623589948196
      ]
    ],
    "orien_j": [
      [
        0.636218580051962,
        -0.4300398905957187,
        -0.6405400931191484
      ],
      [
        -0.5718058289460001,
        -0.8202068753225791,
        -0.01728512820168071
      ],
      [
        -0.5179420936553069,
        0.37726167863963217,
        -0.7677301696885201
      ]
    ],
    "type": "base_pair"
  },
  {
    "base_i": 81,
    "base_j": 141,
    "basepair_idx": 33,
    "bp_type": "GC",
    "dir_xyz": [
      -0.986346488691886,
      -0.9863757892045952,
      0.0
    ],
    "org_i": [
      44.90895867013552,
      35.33940138537699,
      -25.480555740025615
    ],
    "org_j": [
      45.065486724419806,
      35.099537330470994,
      -25.149603095422805
    ],
    "orien_i": [
      [
        0.3539735212996145,
        -0.6365927654747524,
        -0.6851659632263982
      ],
      [
        -0.8142970468302778,
        -0.570119120514244,
        0.10901609031493092
      ],
      [
        -0.4600250707757563,
        0.519339811076786,
        -0.7201826816082768
      ]
    ],
    "orien_j": [
      [
        0.3516234304363468,
        -0.7470884923648122,
        -0.5641096947795239
      ],
      [
        -0.829558111441203,
        -0.5279083689396615,
        0.18206068698533168
      ],
      [
        -0.4338136730328822,
        0.40394496974159494,
        -0.8053782704482295
      ]
    ],
    "type": "base_pair"
  },
  {
    "base_i": 82,
    "base_j": 140,
    "basepair_idx": 34,
    "bp_type": "AU",
    "dir_xyz": [
      -0.9694939856172102,
      -0.9734656227512684,
      0.0
    ],
    "org_i": [
      44.35904629336318,
      35.83616238442802,
      -28.785557653529224
    ],
    "org_j": [
      44.419655655654445,
      36.04710358202239,
      -28.62975501050484
    ],
    "orien_i": [
      [
        0.07275737774501323,
        -0.7858547067977235,
        -0.6141162298682006
      ],
      [
        -0.9949650602092661,
        -0.014637312590638003,
        -0.09914775863777536
      ],
      [
        0.0689267215703755,
        0.618237922554082,
        -0.7829629481460613
      ]
    ],
    "orien_j": [
      [
        0.003138208136666154,
        -0.9087890754606396,
        -0.4172440149038539
      ],
      [
        -0.9917591140430473,
        0.050611871587945945,
        -0.11769578653000146
      ],
      [
        0.1280781455293656,
        0.4141749084357498,
        -0.9011410177436145
      ]
    ],
    "type": "base_pair"
  },
  {
    "base_i": 85,
    "base_j": 100,
    "basepair_idx": 35,
    "bp_type": "GU",
    "dir_xyz": [
      -0.9995042303007426,
      -0.9986882491535287,
      0.0
    ],
    "org_i": [
      31.626367198104344,
      54.09773706149572,
      -20.48319602424381
    ],
    "org_j": [
      29.925034728222478,
      53.818921163134355,
      -22.077256736651513
    ],
    "orien_i": [
      [
        -0.8888273596138903,
        0.41101825539620696,
        0.20260779484723468
      ],
      [
        -0.1905149102509213,
        0.07066840504750826,
        -0.979137398683211
      ],
      [
        -0.41676131511200043,
        -0.9088839146222691,
        0.015493094171796895
      ]
    ],
    "orien_j": [
      [
        -0.8875105783501216,
        0.4349252057916536,
        0.15220065270464495
      ],
      [
        -0.143617392322867,
        0.05276004070636997,
        -0.98822589660818
      ],
      [
        -0.4378344640831873,
        -0.8989195978905731,
        0.015637729670197165
      ]
    ],
    "type": "base_pair"
  },
  {
    "base_i": 86,
    "base_j": 99,
    "basepair_idx": 36,
    "bp_type": "UA",
    "dir_xyz": [
      -0.991612539988149,
      -0.9323414127794759,
      0.0
    ],
    "org_i": [
      30.37322244798578,
      50.572226110095215,
      -20.066753473132078
    ],
    "org_j": [
      30.513527638391807,
      50.50430198337003,
      -20.231951309000312
    ],
    "orien_i": [
      [
        -0.30906266698196416,
        0.9303042297138286,
        0.19752039908463953
      ],
      [
        -0.1627326813884768,
        0.15289491174935083,
        -0.974751876309697
      ],
      [
        -0.9370156574391444,
        -0.333402438709914,
        0.10413679261514636
      ]
    ],
    "orien_j": [
      [
        -0.3434161107545915,
        0.9383435684473937,
        -0.03970796428427387
      ],
      [
        0.17965803580281192,
        0.024135446913214675,
        -0.983433002483532
      ],
      [
        -0.9218396634153172,
        -0.34486059176964595,
        -0.1768694637257203
      ]
    ],
    "type": "base_pair"
  },
  {
    "base_i": 87,
    "base_j": 98,
    "basepair_idx": 37,
    "bp_type": "UA",
    "dir_xyz": [
      -0.9916311007192631,
      -0.9970722724746774,
      0.0
    ],
    "org_i": [
      29.370994064790484,
      47.24855112413498,
      -19.718245536559007
    ],
    "org_j": [
      29.35612988837029,
      47.314252619231446,
      -19.649554830805442
    ],
    "orien_i": [
      [
        0.18898008230034213,
        0.972341614879854,
        0.13725273209154237
      ],
      [
        0.19130006026913698,
        0.10063950058797055,
        -0.9763585293643047
      ],
      [
        -0.963167075555835,
        0.21076877115512316,
        -0.1669901484249261
      ]
    ],
    "orien_j": [
      [
        0.2998461439907119,
        0.9465115667092858,
        0.11919791952645292
      ],
      [
