[
  {
    "base_i": 1,
    "base_j": 69,
    "basepair_idx": 0,
    "bp_type": "GC",
    "dir_xyz": [
      -0.9511029868495781,
      -0.9506247990548744,
      0.0
    ],
    "org_i": [
      43.75843179702696,
      40.96805242878463,
      33.79822966906739
    ],
    "org_j": [
      43.57819644103765,
      40.77478941984208,
      33.93078441782137
    ],
    "orien_i": [
      [
        -0.23217262159017715,
        -0.1067726736525339,
        -0.9667964987240254
      ],
      [
        -0.7420085884467198,
        0.6621057245067276,
        0.10506790302812885
      ],
      [
        0.6289031153168596,
        0.741765195824468,
        -0.23294906269018945
      ]
    ],
    "orien_j": [
      [
        -0.18120224929073941,
        -0.3840145980310289,
        -0.9053720414012376
      ],
      [
        -0.6965867415050119,
        0.6999763816983109,
        -0.15748008326125126
      ],
      [
        0.694213696502314,
        0.602134414863997,
        -0.39433677234691844
      ]
    ],
    "type": "base_pair"
  },
  {
    "base_i": 2,
    "base_j": 68,
    "basepair_idx": 1,
    "bp_type": "GC",
    "dir_xyz": [
      -0.99740661930381,
      -0.9861360533298911,
      0.0
    ],
    "org_i": [
      40.920897970800645,
      38.91614326648212,
      32.31205986585326
    ],
    "org_j": [
      41.07517268049212,
      39.027866749598275,
      33.05641450724275
    ],
    "orien_i": [
      [
        -0.27698042607071854,
        -0.04629210517573484,
        -0.9597598056660227
      ],
      [
        -0.300113464564472,
        0.9530372817511776,
        0.04064293271204025
      ],
      [
        0.9128054294102289,
        0.299294137247499,
        -0.27786555642699345
      ]
    ],
    "orien_j": [
      [
        -0.12464388107679264,
        -0.11582426587423453,
        -0.98541800386679
      ],
      [
        -0.32798359728864823,
        0.9421417000640113,
        -0.06925154807000808
      ],
      [
        0.9364244031526049,
        0.314569160019207,
        -0.15542065739501415
      ]
    ],
    "type": "base_pair"
  },
  {
    "base_i": 3,
    "base_j": 67,
    "basepair_idx": 2,
    "bp_type": "GC",
    "dir_xyz": [
      -0.9955989204876242,
      -0.9768992330143241,
      0.0
    ],
    "org_i": [
      37.80453183521713,
      37.01365841905009,
      32.333123892642014
    ],
    "org_j": [
      37.720645490399285,
      37.2680669262049,
      32.41757278734625
    ],
    "orien_i": [
      [
        -0.28104756428632394,
        0.01228680988278627,
        -0.9596151837646324
      ],
      [
        0.3111497764140214,
        0.9470715497774277,
        -0.07900187491247372
      ],
      [
        0.907853558260488,
        -0.32078733439006896,
        -0.2699951904176906
      ]
    ],
    "orien_j": [
      [
        -0.09080990702921671,
        -0.08088393603329418,
        -0.9925781327820528
      ],
      [
        0.3224645573509808,
        0.9406107325515547,
        -0.10615111427235659
      ],
      [
        0.9422155645274496,
        -0.32971084104194825,
        -0.05933457054390884
      ]
    ],
    "type": "base_pair"
  },
  {
    "base_i": 4,
    "base_j": 66,
    "basepair_idx": 3,
    "bp_type": "GC",
    "dir_xyz": [
      -0.9593668961634866,
      -0.9221466189355175,
      0.0
    ],
    "org_i": [
      34.449016871316836,
      35.42853110166068,
      34.20009877651691
    ],
    "org_j": [
      34.3169872639933,
      35.81407454282277,
      34.41776079849466
    ],
    "orien_i": [
      [
        -0.13623688500589987,
        0.031473246651354814,
        -0.9901762196241193
      ],
      [
        0.7267921391620848,
        0.6823789011873547,
        -0.07830850315603566
      ],
      [
        0.6732107378942271,
        -0.7303207993474929,
        -0.11583968415162811
      ]
    ],
    "orien_j": [
      [
        0.1422376649480323,
        -0.2489263604513052,
        -0.95802093596257
      ],
      [
        0.7200355603068088,
        0.6901479133167623,
        -0.07241995331522338
      ],
      [
        0.679203385271151,
        -0.6795082963562595,
        0.27740085908162343
      ]
    ],
    "type": "base_pair"
  },
  {
    "base_i": 5,
    "base_j": 65,
    "basepair_idx": 4,
    "bp_type": "UA",
    "dir_xyz": [
      -0.9678141848327805,
      -0.9511238005894433,
      0.0
    ],
    "org_i": [
      31.23681187944095,
      35.18765757588049,
      35.97220028242314
    ],
    "org_j": [
      31.273879786365622,
      35.262686715265815,
      35.84975913729562
    ],
    "orien_i": [
      [
        -0.1084743842770613,
        -0.05749213568940026,
        -0.9924353693261763
      ],
      [
        0.9875295774904895,
        0.10835243960956148,
        -0.11421507086243665
      ],
      [
        0.11409926177310498,
        -0.9924486904442605,
        0.04502172029481458
      ]
    ],
    "orien_j": [
      [
        0.1485560923497698,
        -0.2573275850056451,
        -0.9548369501757508
      ],
      [
        0.9640501155363792,
        0.2527966392738392,
        0.08186106465314436
      ],
      [
        0.22031446198572735,
        -0.9326716320157995,
        0.2856311689450656
      ]
    ],
    "type": "base_pair"
  },
  {
    "base_i": 6,
    "base_j": 64,
    "basepair_idx": 5,
    "bp_type": "AU",
    "dir_xyz": [
      -0.9952777723090174,
      -0.9987176783497028,
      0.0
    ],
    "org_i": [
      28.580141475370247,
      35.598145454316686,
      37.658905197365506
    ],
    "org_j": [
      28.391980522612048,
      35.31358847734734,
      37.72792563547153
    ],
    "orien_i": [
      [
        0.054546868755424194,
        -0.25294086687764683,
        -0.9659428331801855
      ],
      [
        0.9363966953068253,
        -0.3229126459446828,
        0.13743599276558122
      ],
      [
        -0.34667833524383307,
        -0.9120023799048931,
        0.21923911813446068
      ]
    ],
    "orien_j": [
      [
        0.053963782365842386,
        -0.21228034045606686,
        -0.9757176677956734
      ],
      [
        0.9024557274838385,
        -0.40786093235028287,
        0.13864746587649374
      ],
      [
        -0.42738924895742,
        -0.8880239393835134,
        0.16956389048791654
      ]
    ],
    "type": "base_pair"
  },
  {
    "base_i": 7,
    "base_j": 13,
    "basepair_idx": 6,
    "bp_type": "UA",
    "dir_xyz": [
      -0.025165495729906763,
      -0.9800348396052218,
      0.0
    ],
    "org_i": [
      19.974864752673497,
      25.444712789868493,
      25.492358337403612
    ],
    "org_j": [
      15.419668792414942,
      25.479521632479127,
      26.850638511548063
    ],
    "orien_i": [
      [
        0.8121977957845486,
        0.4798498874559546,
        0.33178129246723337
      ],
      [
        0.19137398113502077,
        0.3180979079743798,
        -0.9285417170417574
      ],
      [
        -0.5510995734595091,
        0.8176538426808928,
        0.16652763639082985
      ]
    ],
    "orien_j": [
      [
        0.5381006040690828,
        -0.8265824539945205,
        0.16495207379382903
      ],
      [
        0.15040448726728484,
        -0.0983969533988882,
        -0.9837156752698831
      ],
      [
        0.8293528984155981,
        0.554147531177586,
        0.07137425011468078
      ]
    ],
    "type": "base_pair"
  },
  {
    "base_i": 9,
    "base_j": 23,
    "basepair_idx": 7,
    "bp_type": "GC",
    "dir_xyz": [
      -0.9991628623727293,
      -0.9984935295105881,
      0.0
    ],
    "org_i": [
      23.932046083300783,
      13.743566875282124,
      29.163086818600767
    ],
    "org_j": [
      23.434479594295503,
      13.752387679262116,
      29.42320776713812
    ],
    "orien_i": [
      [
        -0.9852286536803972,
        0.011942987138456734,
        0.17082700320886893
      ],
      [
        0.1700787568987652,
        0.18441977905340956,
        0.9680199179488316
      ],
      [
        -0.01994282875830286,
        0.9827750048470416,
        -0.18372689903499373
      ]
    ],
    "orien_j": [
      [
        -0.9920008364035569,
        -0.01021547361506353,
        0.1258172669925069
      ],
      [
        0.12058338347355987,
        0.2181181986741622,
        0.9684441641298724
      ],
      [
        -0.0373361514448427,
        0.9758688925803296,
        -0.21514161914731683
      ]
    ],
    "type": "base_pair"
  },
  {
    "base_i": 10,
    "base_j": 22,
    "basepair_idx": 8,
    "bp_type": "CG",
    "dir_xyz": [
      -0.995956907167434,
      -0.9913945252080805,
      0.0
    ],
    "org_i": [
      23.588976370801465,
      16.775063895197572,
      26.958938199001462
    ],
    "org_j": [
      23.770990233441587,
      16.473340304573117,
      26.9295852695702
    ],
    "orien_i": [
      [
        -0.7393960871886119,
        0.6479080465407392,
        0.18305351533891387
      ],
      [
        0.2638840371086857,
        0.028751311086923415,
        0.9641258097727727
      ],
      [
        0.6194018414643214,
        0.7611757519381095,
        -0.19223119791558618
      ]
    ],
    "orien_j": [
      [
        -0.7491333092479961,
        0.6603070473659662,
        0.05285724334455144
      ],
      [
        0.17104644847312298,
        0.11573227093426053,
        0.978442207761465
      ],
      [
        0.6399549964176207,
        0.7420246927584271,
        -0.19964207446549098
      ]
    ],
    "type": "base_pair"
  },
  {
    "base_i": 11,
    "base_j": 21,
    "basepair_idx": 9,
    "bp_type": "CG",
    "dir_xyz": [
      -0.9897056456998317,
      -0.9758227142403958,
      0.0
    ],
    "org_i": [
      21.479929224735507,
      19.131494710342174,
      25.267731215594896
    ],
    "org_j": [
      21.879774130823478,
      19.37848384964451,
      25.040378590626478
    ],
    "orien_i": [
      [
        -0.41372104502765417,
        0.9060745520575877,
        -0.08867808644116593
      ],
      [
        0.2658041730780006,
        0.21337809351339634,
        0.9401159134824321
      ],
      [
        0.870737066212037,
        0.36537473273644616,
        -0.3291174048910579
      ]
    ],
    "orien_j": [
      [
        -0.3679734328424458,
        0.9294045124132968,
        -0.02833381421459913
      ],
      [
        0.10507552289907007,
        0.0718399221437066,
        0.9918659990512189
      ],
      [
        0.923880234234737,
        0.3620031462462551,
        -0.12409284789293629
      ]
    ],
    "type": "base_pair"
  },
  {
    "base_i": 12,
    "base_j": 43,
    "basepair_idx": 10,
    "bp_type": "AA",
    "dir_xyz": [
      -0.9551137744482854,
      0.9539667413381422,
      0.0
    ],
    "org_i": [
      19.835403792926233,
      23.0236740873412,
      28.336739806605273
    ],
    "org_j": [
      19.160829170222627,
      22.745355584587045,
      30.182974314707398
    ],
    "orien_i": [
      [
        0.4672971794768236,
        0.8744351426447152,
        -0.13037073046095005
      ],
      [
        0.15644546130266673,
        0.063348070420202,
        0.9856530016247262
      ],
      [
        0.8701483572878828,
        -0.4809887766694287,
        -0.10719903463765605
      ]
    ],
    "orien_j": [
      [
        -0.3864027135520799,
        -0.8678570874074769,
        -0.31227715061496275
      ],
      [
        0.0006440303432797001,
        -0.3388279405636826,
        0.9408481343544718
      ],
      [
        -0.9223299454015933,
        0.36334515619447083,
        0.13148296195899056
      ]
    ],
    "type": "base_pair"
  },
  {
    "base_i": 14,
    "base_j": 46,
    "basepair_idx": 11,
    "bp_type": "GC",
    "dir_xyz": [
      -0.8433292905562411,
      0.8942986114762428,
      0.0
    ],
    "org_i": [
      18.03108193591979,
      28.493658091187555,
      29.22691291133566
    ],
    "org_j": [
      13.86267159493176,
      28.306506563665046,
      29.473973720761563
    ],
    "orien_i": [
      [
        0.9959338148092626,
        0.07075864574763965,
        -0.05575886092299708
      ],
      [
        0.02812194949094182,
        0.343822532596436,
        0.9386134571993959
      ],
      [
        0.08558616988917667,
        -0.9363649289304535,
        0.3404346154443879
      ]
    ],
    "orien_j": [
      [
        -0.9608043585244979,
        0.2755813282505117,
        0.03016481659171076
      ],
      [
        0.05858269416660926,
        0.09547649072813602,
        0.9937063488085508
      ],
      [
        0.2709668846639924,
        0.9565245272537047,
        -0.10787852509914453
      ]
    ],
    "type": "base_pair"
  },
  {
    "base_i": 16,
    "base_j": 53,
    "basepair_idx": 12,
    "bp_type": "GU",
    "dir_xyz": [
      -9.724060485585068e-05,
      0.9283472102697667,
      0.0
    ],
    "org_i": [
      7.6473615263306005,
      41.3301560939167,
      32.78484173436209
    ],
    "org_j": [
      7.4977728994760735,
      37.90752303564768,
      37.308018186535186
    ],
    "orien_i": [
      [
        -0.07018225792691082,
        0.21570431725703854,
        -0.9739333130091377
      ],
      [
        0.9975282631331532,
        0.01854020365374387,
        -0.06777628714404366
      ],
      [
        0.0034372842237319623,
        -0.9762826989991946,
        -0.2164723462985809
      ]
    ],
    "orien_j": [
      [
        0.10316844829638772,
        -0.2535054749169433,
        -0.961816638171357
      ],
      [
        0.06561796279816509,
        0.966604688504908,
        -0.24772900338585518
      ],
      [
        0.9924971305924942,
        -0.03755463150485504,
        0.11635761865129568
      ]
    ],
    "type": "base_pair"
  },
  {
    "base_i": 17,
    "base_j": 54,
    "basepair_idx": 13,
    "bp_type": "GC",
    "dir_xyz": [
      -0.9722848509658181,
      -0.9330712993809152,
      0.0
    ],
    "org_i": [
      1.3182463575871497,
      39.4202341231383,
      28.58550092256705
    ],
    "org_j": [
      1.9369609993399308,
      39.07046614078092,
      28.62896840151721
    ],
    "orien_i": [
      [
        0.032985963788935146,
        0.5191814680640148,
        -0.8540272416098973
      ],
      [
        0.7756202096475138,
        -0.552209180831053,
        -0.30574222965145736
      ],
      [
        -0.6303373831364139,
        -0.652315586066125,
        -0.42090279114772566
      ]
    ],
    "orien_j": [
      [
        0.28396734364582094,
        0.3081939218539756,
        -0.9079532225147955
      ],
      [
        0.8111418294383763,
        -0.5821542311092658,
        0.05608372078369617
      ],
      [
        -0.5112841482757902,
        -0.7524047831678405,
        -0.4153017721946953
      ]
    ],
    "type": "base_pair"
  },
  {
    "base_i": 24,
    "base_j": 42,
    "basepair_idx": 14,
    "bp_type": "AC",
    "dir_xyz": [
      -0.9905177203931906,
      -0.9805506241271303,
      0.0
    ],
    "org_i": [
      20.162825954140175,
      11.061126532168357,
      30.497508207886735
    ],
    "org_j": [
      18.348429038721537,
      11.134831601131767,
      27.405020926852835
    ],
    "orien_i": [
      [
        -0.6699449963435485,
        0.7088812306161225,
        -0.22059261718020967
      ],
      [
        -0.010408792093901331,
        -0.3060695465829183,
        -0.9519522517971544
      ],
      [
        -0.7423377660616417,
        -0.6354595451597991,
        0.21242835861511689
      ]
    ],
    "orien_j": [
      [
        -0.6061005577185666,
        0.7649144347379715,
        -0.21805508813768193
      ],
      [
        0.12201983032311214,
        -0.18148513755840717,
        -0.9757941923650321
      ],
      [
        -0.7859728207394716,
        -0.6180364490666354,
        0.016663513553354825
      ]
    ],
    "type": "base_pair"
  },
  {
    "base_i": 25,
    "base_j": 41,
    "basepair_idx": 15,
    "bp_type": "CG",
    "dir_xyz": [
      -0.9811441405727723,
      -0.9393050396772985,
      0.0
    ],
    "org_i": [
      17.154892863724584,
      8.291805476340375,
      29.155196342590774
    ],
    "org_j": [
      17.524758490352266,
      8.200676326843997,
      29.581186131452878
    ],
    "orien_i": [
      [
        0.06723156534085029,
        0.9520810945027234,
        -0.29836471995246944
      ],
      [
        -0.17476539399612245,
        -0.2831805451165714,
        -0.9430089267492974
      ],
      [
        -0.9823120551450029,
        0.11554379411278659,
        0.14735215627476556
      ]
    ],
    "orien_j": [
      [
        0.07049213732424017,
        0.9930672329642958,
        -0.09406555898997931
      ],
      [
        0.1251003059255294,
        -0.10235680431422686,
        -0.9868500382874379
      ],
      [
        -0.9896366868870612,
        0.05779753821068745,
        -0.13144836455424125
      ]
    ],
    "type": "base_pair"
  },
  {
    "base_i": 26,
    "base_j": 40,
    "basepair_idx": 16,
    "bp_type": "CG",
    "dir_xyz": [
      -0.9827308072226156,
      -0.9701217199687688,
      0.0
    ],
    "org_i": [
      15.027621634834974,
      5.129749481535819,
      28.76092676561357
    ],
    "org_j": [
      15.118558048166278,
      4.920160336874923,
      28.975180592277255
    ],
    "orien_i": [
      [
        0.5931126066847847,
        0.7662668210439594,
        -0.24708823274038094
      ],
      [
        -0.09885357609010936,
        -0.23526541269189286,
        -0.9668909742494809
      ],
      [
        -0.7990277881812227,
        0.5979007815332724,
        -0.06379066668506492
      ]
    ],
    "orien_j": [
      [
        0.6130999184230173,
        0.7899902621833572,
        -0.004886275182699629
      ],
      [
        0.05828928804623251,
        -0.05140399311645494,
        -0.9969754201537508
      ],
      [
        -0.7878520476134805,
        0.6109607312644203,
        -0.07756375393244029
      ]
    ],
    "type": "base_pair"
  },
  {
    "base_i": 27,
    "base_j": 39,
    "basepair_idx": 17,
    "bp_type": "GC",
    "dir_xyz": [
      -0.9970562453693543,
      -0.9823894948787708,
      0.0
    ],
    "org_i": [
      12.939441732557558,
      2.0015932305502613,
      26.87622307058738
    ],
    "org_j": [
      14.470087158746193,
      1.9168599813125624,
      26.4812504714407
    ],
    "orien_i": [
      [
        0.8198665015953894,
        0.5676812939940719,
        -0.07454440294853082
      ],
      [
        0.025331156307290548,
        -0.16603269417456148,
        -0.9857948452823597
      ],
      [
        -0.5719941014397547,
        0.8063318751694939,
        -0.15050466771424373
      ]
    ],
    "orien_j": [
      [
        0.7740473145708551,
        0.627242888539906,
        0.08612266590023476
      ],
      [
        0.21990630068792721,
        -0.13879489392962469,
        -0.9655968083712869
      ],
      [
        -0.5937103449691603,
        0.7663565333414859,
        -0.24536847817399315
      ]
    ],
    "type": "base_pair"
  },
  {
    "base_i": 28,
    "base_j": 38,
    "basepair_idx": 18,
    "bp_type": "GC",
    "dir_xyz": [
      -0.9617654747919847,
      -0.9672184731616789,
      0.0
    ],
    "org_i": [
      13.646708741251345,
      -0.7990879936750438,
      24.190791952006748
    ],
    "org_j": [
      14.393005126353152,
      -1.2831649481528435,
      24.230287257008452
    ],
    "orien_i": [
      [
        0.987565451555093,
        -0.07158201084122913,
        0.13996604809278576
      ],
      [
        0.12284932041583745,
        -0.2041491424777101,
        -0.9712008917309451
      ],
      [
        0.09809446145503203,
        0.9763191810824687,
        -0.19281683868974064
      ]
    ],
    "orien_j": [
      [
        0.9810809053823553,
        0.07931742804045208,
        0.17660408461636717
      ],
      [
        0.19354235582781906,
        -0.4237401401781629,
        -0.884864763736475
      ],
      [
        0.004649042348176077,
        0.9023042941329924,
        -0.431074642253991
      ]
    ],
    "type": "base_pair"
  },
  {
    "base_i": 29,
    "base_j": 37,
    "basepair_idx": 19,
    "bp_type": "AU",
    "dir_xyz": [
      -0.9714479462167096,
      -0.9352249097946149,
      0.0
    ],
    "org_i": [
      15.252535337988698,
      -3.166682091166919,
      21.980011586917946
    ],
    "org_j": [
      15.236438256477843,
      -2.126631191930532,
      21.685118681761146
    ],
    "orien_i": [
      [
        0.6808081512801336,
        -0.6853003716193038,
        0.25858008780447617
      ],
      [
        0.0585367427896491,
        -0.3009941446226089,
        -0.9518277021848451
      ],
      [
        0.73011897036997,
        0.6631484943520176,
        -0.16480401555953336
      ]
    ],
    "orien_j": [
      [
        0.7881353557352953,
        -0.607729260402847,
        -0.09750798475103878
      ],
      [
        -0.20621668410026683,
        -0.11145662451012428,
        -0.9721379017667713
      ],
      [
        0.5799287372071598,
        0.786284024321376,
        -0.2131668193183247
      ]
    ],
    "type": "base_pair"
  },
  {
    "base_i": 30,
    "base_j": 36,
    "basepair_idx": 20,
    "bp_type": "UU",
    "dir_xyz": [
      -0.8341269494102613,
      -0.9803237774964882,
      0.0
    ],
    "org_i": [
      17.570220956055664,
      -5.193006825447787,
      20.29724918055971
    ],
    "org_j": [
      17.01127041766122,
      -5.7271141636792855,
      16.929228896364837
    ],
    "orien_i": [
      [
        0.3193187337072662,
        -0.8696769130467306,
        0.37642743419827696
      ],
      [
        0.02729836546570724,
        -0.388616648951354,
        -0.9209950593791051
      ],
      [
        0.9472541082236008,
        0.3043668297816472,
        -0.1003518180312698
      ]
    ],
    "orien_j": [
      [
        -0.13084614671117317,
        -0.8370136660173182,
        0.5313072640112191
      ],
      [
        -0.29204886381754375,
        -0.47959186619864763,
        -0.8274654693816414
      ],
      [
        0.9474105483019069,
        -0.26343835099762436,
        -0.1816961424740013
      ]
    ],
    "type": "base_pair"
  },
  {
    "base_i": 31,
    "base_j": 35,
    "basepair_idx": 21,
    "bp_type": "UA",
    "dir_xyz": [
      -0.8809109486881801,
      -0.818123287369076,
      0.0
    ],
    "org_i": [
      20.033722749903344,
      -8.472792116338717,
      23.371775088768906
    ],
    "org_j": [
      21.424307641182615,
      -6.139028297075051,
      15.147561437925075
    ],
    "orien_i": [
      [
        -0.6151607927827167,
        -0.7830762402337079,
        0.0914811510879664
      ],
      [
        0.0548670246712229,
        -0.15827390372798106,
        -0.9858696572074997
      ],
      [
        0.7864901834267651,
        -0.6014490613344955,
        0.14032896348647156
      ]
    ],
    "orien_j": [
      [
        -0.7306093089460157,
        -0.42574561434555713,
        0.5338077458663831
      ],
      [
        -0.5814632727087781,
        -0.021872061981414892,
        -0.8132785964203643
      ],
      [
        0.35792527177082945,
        -0.904578512220031,
        -0.2315755061693111
      ]
    ],
    "type": "base_pair"
  },
  {
    "base_i": 47,
    "base_j": 63,
    "basepair_idx": 22,
    "bp_type": "CG",
    "dir_xyz": [
      -0.9880705869398104,
      -0.9706359886060174,
      0.0
    ],
    "org_i": [
      25.85522655704534,
      36.854506532057854,
      39.68462494886601
    ],
    "org_j": [
      25.69650176148035,
      35.97578668451037,
      40.250816140755326
    ],
    "orien_i": [
      [
        -0.270734403882304,
        -0.2994993444364707,
        -0.914878694274065
      ],
      [
        0.49445577321716955,
        -0.8586890457953531,
        0.13478357082106587
      ],
      [
        -0.8259639041064111,
        -0.4158765024778277,
        0.38056584686503986
      ]
    ],
    "orien_j": [
      [
        -0.09679046463944722,
        -0.15204129169581754,
        -0.9836234297607732
      ],
      [
        0.41889740428223626,
        -0.9026958289235611,
        0.09831177513202155
      ],
      [
        -0.9028602165565188,
        -0.40252165912342136,
        0.15106205114469878
      ]
    ],
    "type": "base_pair"
  },
  {
    "base_i": 48,
    "base_j": 62,
    "basepair_idx": 23,
    "bp_type": "GC",
    "dir_xyz": [
      -0.9850748184955078,
      -0.9944039574965755,
      0.0
    ],
    "org_i": [
      22.724132431919468,
      39.025554440956306,
      41.35122978293936
    ],
    "org_j": [
      22.92475386279354,
      38.93586431475465,
      40.6991254872723
    ],
    "orien_i": [
      [
        -0.1250647207037367,
        -0.08211467273704692,
        -0.9887446567019134
      ],
      [
        -0.05421886069874008,
        -0.9945142904032009,
        0.0894518939338273
      ],
      [
        -0.9906660036459449,
        0.06479588493959901,
        0.11992648796269861
      ]
    ],
    "orien_j": [
      [
        -0.004014096914540692,
        -0.10340807941505187,
        -0.9946309145294308
      ],
      [
        0.10755645480560971,
        -0.988913559232245,
        0.10237959462833725
      ],
      [
        -0.9941908750615298,
        -0.1065680133919374,
        0.01509180128700149
      ]
    ],
    "type": "base_pair"
  },
  {
    "base_i": 49,
    "base_j": 61,
    "basepair_idx": 24,
    "bp_type": "AU",
    "dir_xyz": [
      -0.9930418976416491,
      -0.951635971598822,
      0.0
    ],
    "org_i": [
      19.5598644377692,
      40.80648453782319,
      41.155151018076296
    ],
    "org_j": [
      19.537928777775612,
      40.55379967034199,
      41.68634786674922
    ],
    "orien_i": [
      [
        -0.15939988119793735,
        -0.055159771361186494,
        -0.9856718914007159
      ],
      [
        -0.5584790848779873,
        -0.8182761367958818,
        0.13610758870927292
      ],
      [
        -0.814059450917394,
        0.5721726693698226,
        0.09962754036049637
      ]
    ],
    "orien_j": [
      [
        0.12481496582164515,
        -0.16733225935414875,
        -0.9779678620928081
      ],
      [
        -0.6131120262631395,
        -0.787967706223852,
        0.05657329051618615
      ],
      [
        -0.7800736295750863,
        0.5925426642257563,
        -0.20094358291270148
      ]
    ],
    "type": "base_pair"
  },
  {
    "base_i": 50,
    "base_j": 60,
    "basepair_idx": 25,
    "bp_type": "GC",
    "dir_xyz": [
      -0.9895100176483312,
      -0.9716201420313656,
      0.0
    ],
    "org_i": [
      16.4839045923418,
      41.884726231082894,
      39.46547579748304
    ],
    "org_j": [
      16.40261283551124,
      41.34574941314948,
      39.31974786318607
    ],
    "orien_i": [
      [
        -0.11989681285437342,
        -0.03579095621563594,
        -0.9921409989112104
      ],
      [
        -0.886943010462689,
        -0.44513314916258523,
        0.12324193972825465
      ],
      [
        -0.4460457941274041,
        0.8947488401611765,
        0.021625507427189883
      ]
    ],
    "orien_j": [
      [
        0.08107127114454243,
        -0.17079002792429965,
        -0.9819665041927979
      ],
      [
        -0.8754029478107329,
        -0.4832504405212766,
        0.011776701587056182
      ],
      [
        -0.4765470889212173,
        0.8586616202542234,
        -0.1886878213958294
      ]
    ],
    "type": "base_pair"
  },
  {
    "base_i": 51,
    "base_j": 59,
    "basepair_idx": 26,
    "bp_type": "GC",
    "dir_xyz": [
      -0.9803256100822879,
      -0.9825517779958274,
      0.0
    ],
    "org_i": [
      13.534275579616866,
      41.52436367278666,
      36.60265941042324
    ],
    "org_j": [
      13.549964842244457,
      40.9777203067844,
      36.878206996808046
    ],
    "orien_i": [
      [
        0.030400567734818862,
        -0.06316029198033102,
        -0.9975402663543764
      ],
      [
        -0.9952059709196207,
        0.09090079732984613,
        -0.0360849066887175
      ],
      [
        0.09295633882278231,
        0.9938550309586192,
        -0.060094063857477065
      ]
    ],
    "orien_j": [
      [
        0.0758357905412706,
        -0.24049108455830231,
        -0.9676843344401894
      ],
      [
        -0.9968310465998615,
        0.005089728971513996,
        -0.07938488013231121
      ],
      [
        0.024016606912830807,
        0.9706380030201622,
        -0.23934299589799266
      ]
    ],
    "type": "base_pair"
  },
  {
    "base_i": 52,
    "base_j": 56,
    "basepair_idx": 27,
    "bp_type": "UA",
    "dir_xyz": [
      0.08018985333520692,
      -0.9770840935684536,
      0.0
    ],
    "org_i": [
      10.49568313825829,
      40.314119208373704,
      35.282896791579
    ],
    "org_j": [
      11.571982943584025,
      42.273395752887076,
      31.087081643922033
    ],
    "orien_i": [
      [
        -0.12806002769394595,
        -0.15179522791692895,
        -0.980081036490694
      ],
      [
        -0.706466821131331,
        0.7075353173618794,
        -0.017274412470944356
      ],
      [
        0.6960641205719611,
        0.6901825725612549,
        -0.19784528446518582
      ]
    ],
    "orien_j": [
      [
        -0.3306684949743955,
        0.21455067223305074,
        -0.9190355572423272
      ],
      [
        0.7532436718229094,
        0.6466940959870265,
        -0.12004464617076538
      ],
      [
        0.5685792093368434,
        -0.7319527001520448,
        -0.3754502995737539
      ]
    ],
    "type": "base_pair"
  }
]