[
  {
    "chain_id": "R",
    "legacy_residue_idx": 2213,
    "num_points": 9,
    "residue_idx": 2213,
    "residue_name": "  A",
    "residue_seq": 1,
    "rms_fit": 0.005347,
    "rotation_matrix": [
      [
        0.474058,
        -0.811553,
        -0.341541
      ],
      [
        0.788175,
        0.218218,
        0.575466
      ],
      [
        -0.392491,
        -0.541998,
        0.743094
      ]
    ],
    "translation": [
      226.281791,
      148.940457,
      230.160428
    ],
    "type": "ls_fitting"
  },
  {
    "chain_id": "R",
    "legacy_residue_idx": 2214,
    "num_points": 6,
    "residue_idx": 2214,
    "residue_name": "  U",
    "residue_seq": 2,
    "rms_fit": 0.002329,
    "rotation_matrix": [
      [
        0.380692,
        -0.892606,
        -0.241512
      ],
      [
        0.768655,
        0.160275,
        0.619259
      ],
      [
        -0.514046,
        -0.421387,
        0.747121
      ]
    ],
    "translation": [
      224.838016,
      148.265792,
      234.631808
    ],
    "type": "ls_fitting"
  },
  {
    "chain_id": "R",
    "legacy_residue_idx": 2215,
    "num_points": 6,
    "residue_idx": 2215,
    "residue_name": "  U",
    "residue_seq": 3,
    "rms_fit": 0.005493,
    "rotation_matrix": [
      [
        0.2097,
        -0.758077,
        0.617532
      ],
      [
        0.919374,
        0.367863,
        0.139386
      ],
      [
        -0.332833,
        0.538513,
        0.774097
      ]
    ],
    "translation": [
      222.429559,
      147.227223,
      236.027207
    ],
    "type": "ls_fitting"
  },
  {
    "chain_id": "R",
    "legacy_residue_idx": 2216,
    "num_points": 9,
    "residue_idx": 2216,
    "residue_name": "  G",
    "residue_seq": 4,
    "rms_fit": 0.002516,
    "rotation_matrix": [
      [
        0.684415,
        -0.156343,
        0.712133
      ],
      [
        -0.002982,
        0.97613,
        0.217166
      ],
      [
        -0.729087,
        -0.150755,
        0.667612
      ]
    ],
    "translation": [
      220.921099,
      146.416786,
      242.225268
    ],
    "type": "ls_fitting"
  },
  {
    "chain_id": "R",
    "legacy_residue_idx": 2217,
    "num_points": 9,
    "residue_idx": 2217,
    "residue_name": "  A",
    "residue_seq": 5,
    "rms_fit": 0.002112,
    "rotation_matrix": [
      [
        0.532276,
        -0.199242,
        0.822791
      ],
      [
        -0.158078,
        -0.978208,
        -0.134614
      ],
      [
        0.831681,
        -0.058413,
        -0.552172
      ]
    ],
    "translation": [
      216.195934,
      163.956172,
      241.462191
    ],
    "type": "ls_fitting"
  },
  {
    "chain_id": "R",
    "legacy_residue_idx": 2218,
    "num_points": 9,
    "residue_idx": 2218,
    "residue_name": "  A",
    "residue_seq": 6,
    "rms_fit": 0.003372,
    "rotation_matrix": [
      [
        0.483885,
        -0.665194,
        -0.568658
      ],
      [
        -0.688141,
        0.112234,
        -0.716844
      ],
      [
        0.540663,
        0.738187,
        -0.403439
      ]
    ],
    "translation": [
      222.967549,
      158.136132,
      228.745181
    ],
    "type": "ls_fitting"
  },
  {
    "chain_id": "R",
    "legacy_residue_idx": 2219,
    "num_points": 9,
    "residue_idx": 2219,
    "residue_name": "  G",
    "residue_seq": 7,
    "rms_fit": 0.002815,
    "rotation_matrix": [
      [
        0.490305,
        0.718076,
        -0.493931
      ],
      [
        -0.318438,
        0.675142,
        0.665418
      ],
      [
        0.811294,
        -0.168972,
        0.559688
      ]
    ],
    "translation": [
      208.082704,
      156.333394,
      234.817986
    ],
    "type": "ls_fitting"
  },
  {
    "chain_id": "R",
    "legacy_residue_idx": 2220,
    "num_points": 6,
    "residue_idx": 2220,
    "residue_name": "  C",
    "residue_seq": 8,
    "rms_fit": 0.003865,
    "rotation_matrix": [
      [
        -0.35281,
        -0.553162,
        0.754676
      ],
      [
        -0.712742,
        -0.363682,
        -0.599778
      ],
      [
        0.606237,
        -0.749497,
        -0.265951
      ]
    ],
    "translation": [
      218.829623,
      165.250978,
      238.013473
    ],
    "type": "ls_fitting"
  },
  {
    "chain_id": "R",
    "legacy_residue_idx": 2221,
    "num_points": 9,
    "residue_idx": 2221,
    "residue_name": "  A",
    "residue_seq": 9,
    "rms_fit": 0.00347,
    "rotation_matrix": [
      [
        0.956442,
        -0.283075,
        -0.071324
      ],
      [
        0.069843,
        -0.015331,
        0.99744
      ],
      [
        -0.283444,
        -0.958975,
        0.005107
      ]
    ],
    "translation": [
      223.934721,
      171.992428,
      233.449304
    ],
    "type": "ls_fitting"
  },
  {
    "chain_id": "R",
    "legacy_residue_idx": 2222,
    "num_points": 9,
    "residue_idx": 2222,
    "residue_name": "  A",
    "residue_seq": 10,
    "rms_fit": 0.006979,
    "rotation_matrix": [
      [
        0.904509,
        -0.123977,
        -0.408036
      ],
      [
        0.303497,
        -0.48503,
        0.820144
      ],
      [
        -0.299588,
        -0.865665,
        -0.401087
      ]
    ],
    "translation": [
      218.049028,
      174.97691,
      237.13655
    ],
    "type": "ls_fitting"
  },
  {
    "chain_id": "R",
    "legacy_residue_idx": 2223,
    "num_points": 9,
    "residue_idx": 2223,
    "residue_name": "  G",
    "residue_seq": 11,
    "rms_fit": 0.008693,
    "rotation_matrix": [
      [
        0.343358,
        -0.896042,
        -0.281449
      ],
      [
        -0.917968,
        -0.383537,
        0.101168
      ],
      [
        -0.198597,
        0.223624,
        -0.954228
      ]
    ],
    "translation": [
      219.500999,
      178.369264,
      233.522648
    ],
    "type": "ls_fitting"
  },
  {
    "chain_id": "R",
    "legacy_residue_idx": 2224,
    "num_points": 6,
    "residue_idx": 2224,
    "residue_name": "  C",
    "residue_seq": 12,
    "rms_fit": 0.004261,
    "rotation_matrix": [
      [
        0.200224,
        -0.879734,
        -0.431252
      ],
      [
        -0.968505,
        -0.111225,
        -0.222769
      ],
      [
        0.148012,
        0.462274,
        -0.874297
      ]
    ],
    "translation": [
      221.639561,
      180.289927,
      228.923208
    ],
    "type": "ls_fitting"
  },
  {
    "chain_id": "R",
    "legacy_residue_idx": 2225,
    "num_points": 6,
    "residue_idx": 2225,
    "residue_name": "  U",
    "residue_seq": 13,
    "rms_fit": 0.004674,
    "rotation_matrix": [
      [
        0.824969,
        -0.549283,
        -0.133093
      ],
      [
        -0.247141,
        -0.138818,
        -0.958984
      ],
      [
        0.508278,
        0.824025,
        -0.250271
      ]
    ],
    "translation": [
      217.778808,
      189.269441,
      224.97870700000001
    ],
    "type": "ls_fitting"
  },
  {
    "chain_id": "R",
    "legacy_residue_idx": 2226,
    "num_points": 9,
    "residue_idx": 2226,
    "residue_name": "  G",
    "residue_seq": 14,
    "rms_fit": 0.003637,
    "rotation_matrix": [
      [
        0.847529,
        -0.423382,
        0.320065
      ],
      [
        -0.059991,
        -0.675598,
        -0.734825
      ],
      [
        0.527347,
        0.603585,
        -0.597988
      ]
    ],
    "translation": [
      215.028165,
      195.491894,
      221.515407
    ],
    "type": "ls_fitting"
  },
  {
    "chain_id": "R",
    "legacy_residue_idx": 2227,
    "num_points": 6,
    "residue_idx": 2227,
    "residue_name": "  U",
    "residue_seq": 15,
    "rms_fit": 0.007491,
    "rotation_matrix": [
      [
        0.936473,
        -0.062816,
        0.345068
      ],
      [
        0.326274,
        -0.204977,
        -0.922784
      ],
      [
        0.128697,
        0.976749,
        -0.17146
      ]
    ],
    "translation": [
      208.702526,
      197.117563,
      218.835144
    ],
    "type": "ls_fitting"
  },
  {
    "chain_id": "R",
    "legacy_residue_idx": 2228,
    "num_points": 6,
    "residue_idx": 2228,
    "residue_name": "  C",
    "residue_seq": 16,
    "rms_fit": 0.005047,
    "rotation_matrix": [
      [
        0.805349,
        -0.588306,
        -0.072866
      ],
      [
        -0.421515,
        -0.654733,
        0.627416
      ],
      [
        -0.41682,
        -0.474574,
        -0.775268
      ]
    ],
    "translation": [
      206.737332,
      201.972063,
      223.068993
    ],
    "type": "ls_fitting"
  },
  {
    "chain_id": "R",
    "legacy_residue_idx": 2229,
    "num_points": 6,
    "residue_idx": 2229,
    "residue_name": "  C",
    "residue_seq": 17,
    "rms_fit": 0.006047,
    "rotation_matrix": [
      [
        0.417852,
        -0.878207,
        -0.232705
      ],
      [
        -0.890891,
        -0.345871,
        -0.294424
      ],
      [
        0.17808,
        0.330341,
        -0.92691
      ]
    ],
    "translation": [
      206.576086,
      203.925467,
      217.190975
    ],
    "type": "ls_fitting"
  },
  {
    "chain_id": "R",
    "legacy_residue_idx": 2230,
    "num_points": 6,
    "residue_idx": 2230,
    "residue_name": "  C",
    "residue_seq": 18,
    "rms_fit": 0.003936,
    "rotation_matrix": [
      [
        0.035182,
        -0.97279,
        -0.229001
      ],
      [
        -0.878504,
        0.079136,
        -0.471134
      ],
      [
        0.476437,
        0.217754,
        -0.851816
      ]
    ],
    "translation": [
      206.422402,
      203.238684,
      213.087464
    ],
    "type": "ls_fitting"
  },
  {
    "chain_id": "R",
    "legacy_residue_idx": 2231,
    "num_points": 6,
    "residue_idx": 2231,
    "residue_name": "  U",
    "residue_seq": 19,
    "rms_fit": 0.00438,
    "rotation_matrix": [
      [
        -0.099895,
        0.850846,
        0.515832
      ],
      [
        0.828088,
        -0.216321,
        0.51718
      ],
      [
        0.551625,
        0.478818,
        -0.682966
      ]
    ],
    "translation": [
      190.881378,
      211.049982,
      205.667193
    ],
    "type": "ls_fitting"
  },
  {
    "chain_id": "R",
    "legacy_residue_idx": 2232,
    "num_points": 9,
    "residue_idx": 2232,
    "residue_name": "  G",
    "residue_seq": 20,
    "rms_fit": 0.003976,
    "rotation_matrix": [
      [
        0.171136,
        -0.977548,
        -0.122933
      ],
      [
        -0.539547,
        -0.197387,
        0.818491
      ],
      [
        -0.82438,
        -0.073745,
        -0.561213
      ]
    ],
    "translation": [
      205.878453,
      207.23962,
      199.54639
    ],
    "type": "ls_fitting"
  },
  {
    "chain_id": "R",
    "legacy_residue_idx": 2233,
    "num_points": 9,
    "residue_idx": 2233,
    "residue_name": "  A",
    "residue_seq": 21,
    "rms_fit": 0.006977,
    "rotation_matrix": [
      [
        0.603661,
        -0.785354,
        0.137157
      ],
      [
        -0.743465,
        -0.492435,
        0.452513
      ],
      [
        -0.287842,
        -0.375136,
        -0.881147
      ]
    ],
    "translation": [
      201.862969,
      211.318652,
      199.082414
    ],
    "type": "ls_fitting"
  },
  {
    "chain_id": "R",
    "legacy_residue_idx": 2234,
    "num_points": 6,
    "residue_idx": 2234,
    "residue_name": "  U",
    "residue_seq": 22,
    "rms_fit": 0.00999,
    "rotation_matrix": [
      [
        0.283361,
        -0.87896,
        0.383583
      ],
      [
        -0.904383,
        -0.111844,
        0.411803
      ],
      [
        -0.319056,
        -0.463595,
        -0.826609
      ]
    ],
    "translation": [
      200.272228,
      213.634914,
      195.689485
    ],
    "type": "ls_fitting"
  },
  {
    "chain_id": "R",
    "legacy_residue_idx": 2235,
    "num_points": 9,
    "residue_idx": 2235,
    "residue_name": "  G",
    "residue_seq": 23,
    "rms_fit": 0.005409,
    "rotation_matrix": [
      [
        -0.239948,
        -0.970203,
        0.033616
      ],
      [
        -0.880987,
        0.203076,
        -0.427343
      ],
      [
        0.407783,
        -0.132156,
        -0.903464
      ]
    ],
    "translation": [
      199.533598,
      212.031477,
      190.467858
    ],
    "type": "ls_fitting"
  },
  {
    "chain_id": "R",
    "legacy_residue_idx": 2236,
    "num_points": 9,
    "residue_idx": 2236,
    "residue_name": "  G",
    "residue_seq": 24,
    "rms_fit": 0.002131,
    "rotation_matrix": [
      [
        -0.445989,
        -0.883195,
        -0.145121
      ],
      [
        -0.459557,
        0.365098,
        -0.809636
      ],
      [
        0.76805,
        -0.294397,
        -0.568708
      ]
    ],
    "translation": [
      200.213404,
      210.036869,
      187.079415
    ],
    "type": "ls_fitting"
  },
  {
    "chain_id": "R",
    "legacy_residue_idx": 2237,
    "num_points": 6,
    "residue_idx": 2237,
    "residue_name": "  U",
    "residue_seq": 25,
    "rms_fit": 0.003094,
    "rotation_matrix": [
      [
        -0.7661,
        -0.601176,
        -0.227329
      ],
      [
        0.385201,
        -0.712602,
        0.586361
      ],
      [
        -0.514501,
        0.361644,
        0.777498
      ]
    ],
    "translation": [
      193.273881,
      217.020468,
      173.278433
    ],
    "type": "ls_fitting"
  },
  {
    "chain_id": "R",
    "legacy_residue_idx": 2238,
    "num_points": 6,
    "residue_idx": 2238,
    "residue_name": "  C",
    "residue_seq": 26,
    "rms_fit": 0.008164,
    "rotation_matrix": [
      [
        0.833501,
        -0.545639,
        -0.086919
      ],
      [
        0.546462,
        0.790871,
        0.275503
      ],
      [
        -0.081584,
        -0.27713,
        0.957363
      ]
    ],
    "translation": [
      201.202902,
      203.486257,
      174.392377
    ],
    "type": "ls_fitting"
  },
  {
    "chain_id": "R",
    "legacy_residue_idx": 2239,
    "num_points": 9,
    "residue_idx": 2239,
    "residue_name": "  G",
    "residue_seq": 27,
    "rms_fit": 0.006193,
    "rotation_matrix": [
      [
        0.055809,
        -0.995422,
        0.077594
      ],
      [
        -0.906159,
        -0.08313,
        -0.414686
      ],
      [
        0.419238,
        -0.047169,
        -0.90665
      ]
    ],
    "translation": [
      199.738519,
      206.759864,
      169.578157
    ],
    "type": "ls_fitting"
  },
  {
    "chain_id": "R",
    "legacy_residue_idx": 2240,
    "num_points": 6,
    "residue_idx": 2240,
    "residue_name": "  U",
    "residue_seq": 28,
    "rms_fit": 0.002191,
    "rotation_matrix": [
      [
        0.051068,
        -0.991933,
        0.116025
      ],
      [
        -0.84372,
        -0.105011,
        -0.526411
      ],
      [
        0.534348,
        -0.07101,
        -0.842276
      ]
    ],
    "translation": [
      199.320675,
      207.507762,
      164.449327
    ],
    "type": "ls_fitting"
  },
  {
    "chain_id": "R",
    "legacy_residue_idx": 2241,
    "num_points": 6,
    "residue_idx": 2241,
    "residue_name": "  C",
    "residue_seq": 29,
    "rms_fit": 0.007559,
    "rotation_matrix": [
      [
        -0.062216,
        -0.926725,
        -0.370553
      ],
      [
        -0.107269,
        0.375331,
        -0.920663
      ],
      [
        0.992282,
        -0.017531,
        -0.12276
      ]
    ],
    "translation": [
      199.290626,
      203.766488,
      159.621714
    ],
    "type": "ls_fitting"
  },
  {
    "chain_id": "R",
    "legacy_residue_idx": 2242,
    "num_points": 9,
    "residue_idx": 2242,
    "residue_name": "  A",
    "residue_seq": 30,
    "rms_fit": 0.004287,
    "rotation_matrix": [
      [
        -0.462734,
        -0.847387,
        -0.26041
      ],
      [
        0.192655,
        0.190606,
        -0.962577
      ],
      [
        0.86531,
        -0.495586,
        0.075053
      ]
    ],
    "translation": [
      198.019372,
      200.222224,
      159.987638
    ],
    "type": "ls_fitting"
  },
  {
    "chain_id": "R",
    "legacy_residue_idx": 2243,
    "num_points": 6,
    "residue_idx": 2243,
    "residue_name": "  U",
    "residue_seq": 31,
    "rms_fit": 0.003767,
    "rotation_matrix": [
      [
        0.631633,
        0.644396,
        0.431037
      ],
      [
        0.436767,
        0.163578,
        -0.884577
      ],
      [
        -0.640526,
        0.746991,
        -0.17813
      ]
    ],
    "translation": [
      188.387547,
      196.468548,
      143.624223
    ],
    "type": "ls_fitting"
  },
  {
    "chain_id": "R",
    "legacy_residue_idx": 2244,
    "num_points": 6,
    "residue_idx": 2244,
    "residue_name": "  C",
    "residue_seq": 32,
    "rms_fit": 0.008134,
    "rotation_matrix": [
      [
        0.989501,
        0.072033,
        0.125292
      ],
      [
        -0.143008,
        0.613209,
        0.776868
      ],
      [
        -0.02087,
        -0.78663,
        0.617072
      ]
    ],
    "translation": [
      195.070582,
      186.592213,
      155.072962
    ],
    "type": "ls_fitting"
  },
  {
    "chain_id": "R",
    "legacy_residue_idx": 2245,
    "num_points": 6,
    "residue_idx": 2245,
    "residue_name": "  U",
    "residue_seq": 33,
    "rms_fit": 0.005654,
    "rotation_matrix": [
      [
        0.981907,
        0.18796,
        0.023019
      ],
      [
        -0.112617,
        0.481894,
        0.868962
      ],
      [
        0.152237,
        -0.855832,
        0.494343
      ]
    ],
    "translation": [
      193.308003,
      185.617898,
      150.825975
    ],
    "type": "ls_fitting"
  },
  {
    "chain_id": "R",
    "legacy_residue_idx": 2246,
    "num_points": 9,
    "residue_idx": 2246,
    "residue_name": "  A",
    "residue_seq": 34,
    "rms_fit": 0.00308,
    "rotation_matrix": [
      [
        -0.318203,
        -0.946821,
        0.047708
      ],
      [
        -0.362751,
        0.075109,
        -0.928854
      ],
      [
        0.875876,
        -0.312871,
        -0.36736
      ]
    ],
    "translation": [
      195.765015,
      183.496085,
      145.576414
    ],
    "type": "ls_fitting"
  },
  {
    "chain_id": "R",
    "legacy_residue_idx": 2247,
    "num_points": 6,
    "residue_idx": 2247,
    "residue_name": "  C",
    "residue_seq": 35,
    "rms_fit": 0.004548,
    "rotation_matrix": [
      [
        -0.071027,
        -0.826574,
        -0.558328
      ],
      [
        0.476765,
        0.463531,
        -0.746883
      ],
      [
        0.876157,
        -0.31924,
        0.361158
      ]
    ],
    "translation": [
      195.763272,
      177.615236,
      142.740735
    ],
    "type": "ls_fitting"
  },
  {
    "chain_id": "R",
    "legacy_residue_idx": 2248,
    "num_points": 6,
    "residue_idx": 2248,
    "residue_name": "  C",
    "residue_seq": 36,
    "rms_fit": 0.002647,
    "rotation_matrix": [
      [
        -0.440555,
        -0.756063,
        -0.484024
      ],
      [
        0.696086,
        0.05278,
        -0.716016
      ],
      [
        0.5669,
        -0.652367,
        0.503033
      ]
    ],
    "translation": [
      193.099027,
      175.040998,
      145.221987
    ],
    "type": "ls_fitting"
  },
  {
    "chain_id": "R",
    "legacy_residue_idx": 2249,
    "num_points": 6,
    "residue_idx": 2249,
    "residue_name": "  U",
    "residue_seq": 37,
    "rms_fit": 0.003486,
    "rotation_matrix": [
      [
        0.812658,
        0.578807,
        0.067595
      ],
      [
        -0.214437,
        0.40488,
        -0.888869
      ],
      [
        -0.541852,
        0.707852,
        0.453147
      ]
    ],
    "translation": [
      183.585547,
      164.722957,
      133.343047
    ],
    "type": "ls_fitting"
  },
  {
    "chain_id": "R",
    "legacy_residue_idx": 2250,
    "num_points": 9,
    "residue_idx": 2250,
    "residue_name": "  G",
    "residue_seq": 38,
    "rms_fit": 0.007681,
    "rotation_matrix": [
      [
        -0.290617,
        -0.954504,
        0.066818
      ],
      [
        -0.136067,
        -0.027896,
        -0.990307
      ],
      [
        0.947115,
        -0.296891,
        -0.12177
      ]
    ],
    "translation": [
      189.818963,
      162.835449,
      148.031024
    ],
    "type": "ls_fitting"
  },
  {
    "chain_id": "R",
    "legacy_residue_idx": 2251,
    "num_points": 6,
    "residue_idx": 2251,
    "residue_name": "  C",
    "residue_seq": 39,
    "rms_fit": 0.012045,
    "rotation_matrix": [
      [
        0.975071,
        -0.003035,
        -0.221872
      ],
      [
        0.221259,
        -0.062217,
        0.973228
      ],
      [
        -0.016758,
        -0.998058,
        -0.059994
      ]
    ],
    "translation": [
      185.935446,
      159.310901,
      147.446728
    ],
    "type": "ls_fitting"
  },
  {
    "chain_id": "R",
    "legacy_residue_idx": 2252,
    "num_points": 6,
    "residue_idx": 2252,
    "residue_name": "  C",
    "residue_seq": 40,
    "rms_fit": 0.006584,
    "rotation_matrix": [
      [
        0.945405,
        -0.164848,
        -0.281132
      ],
      [
        0.239216,
        -0.234822,
        0.942143
      ],
      [
        -0.221327,
        -0.957958,
        -0.182568
      ]
    ],
    "translation": [
      186.134154,
      155.572282,
      145.965917
    ],
    "type": "ls_fitting"
  },
  {
    "chain_id": "R",
    "legacy_residue_idx": 2253,
    "num_points": 6,
    "residue_idx": 2253,
    "residue_name": "  U",
    "residue_seq": 41,
    "rms_fit": 0.006397,
    "rotation_matrix": [
      [
        -0.098016,
        -0.943941,
        -0.315227
      ],
      [
        0.873267,
        0.070332,
        -0.48214
      ],
      [
        0.477282,
        -0.322534,
        0.817419
      ]
    ],
    "translation": [
      185.948468,
      149.464218,
      144.045199
    ],
    "type": "ls_fitting"
  },
  {
    "chain_id": "R",
    "legacy_residue_idx": 2254,
    "num_points": 9,
    "residue_idx": 2254,
    "residue_name": "  G",
    "residue_seq": 42,
    "rms_fit": 0.014609,
    "rotation_matrix": [
      [
        0.984578,
        -0.160472,
        0.069679
      ],
      [
        -0.173308,
        -0.949044,
        0.263209
      ],
      [
        0.023891,
        -0.271226,
        -0.962219
      ]
    ],
    "translation": [
      182.075342,
      149.334209,
      146.791203
    ],
    "type": "ls_fitting"
  },
  {
    "chain_id": "R",
    "legacy_residue_idx": 2255,
    "num_points": 9,
    "residue_idx": 2255,
    "residue_name": "  G",
    "residue_seq": 43,
    "rms_fit": 0.006972,
    "rotation_matrix": [
      [
        -0.678182,
        -0.42454,
        0.599862
      ],
      [
        -0.395913,
        0.898741,
        0.18846
      ],
      [
        -0.61913,
        -0.109683,
        -0.777591
      ]
    ],
    "translation": [
      171.796789,
      135.051479,
      145.782971
    ],
    "type": "ls_fitting"
  },
  {
    "chain_id": "R",
    "legacy_residue_idx": 2256,
    "num_points": 9,
    "residue_idx": 2256,
    "residue_name": "  A",
    "residue_seq": 44,
    "rms_fit": 0.003324,
    "rotation_matrix": [
      [
        -0.379099,
        -0.917556,
        -0.119893
      ],
      [
        0.518023,
        -0.103074,
        -0.849134
      ],
      [
        0.76677,
        -0.384013,
        0.51439
      ]
    ],
    "translation": [
      174.871837,
      142.580485,
      158.059856
    ],
    "type": "ls_fitting"
  },
  {
    "chain_id": "R",
    "legacy_residue_idx": 2257,
    "num_points": 9,
    "residue_idx": 2257,
    "residue_name": "  G",
    "residue_seq": 45,
    "rms_fit": 0.002187,
    "rotation_matrix": [
      [
        -0.277113,
        -0.959886,
        -0.042752
      ],
      [
        0.640177,
        -0.151269,
        -0.753187
      ],
      [
        0.716507,
        -0.236087,
        0.656415
      ]
    ],
    "translation": [
      172.789487,
      138.441634,
      157.237362
    ],
    "type": "ls_fitting"
  },
  {
    "chain_id": "R",
    "legacy_residue_idx": 2258,
    "num_points": 6,
    "residue_idx": 2258,
    "residue_name": "  U",
    "residue_seq": 46,
    "rms_fit": 0.00717,
    "rotation_matrix": [
      [
        0.976024,
        -0.170285,
        -0.135574
      ],
      [
        0.012256,
        -0.578879,
        0.815321
      ],
      [
        -0.217317,
        -0.797434,
        -0.562913
      ]
    ],
    "translation": [
      168.607738,
      135.184717,
      160.225273
    ],
    "type": "ls_fitting"
  },
  {
    "chain_id": "R",
    "legacy_residue_idx": 2259,
    "num_points": 6,
    "residue_idx": 2259,
    "residue_name": "  C",
    "residue_seq": 47,
    "rms_fit": 0.005902,
    "rotation_matrix": [
      [
        0.369995,
        -0.927204,
        -0.058277
      ],
      [
        0.908071,
        0.374185,
        -0.188128
      ],
      [
        0.196239,
        0.016687,
        0.980414
      ]
    ],
    "translation": [
      167.62113,
      129.437006,
      160.393404
    ],
    "type": "ls_fitting"
  },
  {
    "chain_id": "R",
    "legacy_residue_idx": 2260,
    "num_points": 9,
    "residue_idx": 2260,
    "residue_name": "  A",
    "residue_seq": 48,
    "rms_fit": 0.004786,
    "rotation_matrix": [
      [
        -0.510595,
        -0.847146,
        -0.147095
      ],
      [
        0.848437,
        -0.524154,
        0.073606
      ],
      [
        -0.139456,
        -0.087218,
        0.98638
      ]
    ],
    "translation": [
      163.498521,
      134.719843,
      164.253124
    ],
    "type": "ls_fitting"
  },
  {
    "chain_id": "R",
    "legacy_residue_idx": 2261,
    "num_points": 6,
    "residue_idx": 2261,
    "residue_name": "  U",
    "residue_seq": 49,
    "rms_fit": 0.005683,
    "rotation_matrix": [
      [
        0.245601,
        0.969331,
        0.008828
      ],
      [
        -0.736984,
        0.1808,
        0.65128
      ],
      [
        0.62971,
        -0.166461,
        0.758786
      ]
    ],
    "translation": [
      145.893219,
      125.671156,
      168.612337
    ],
    "type": "ls_fitting"
  },
  {
    "chain_id": "R",
    "legacy_residue_idx": 2262,
    "num_points": 6,
    "residue_idx": 2262,
    "residue_name": "  C",
    "residue_seq": 50,
    "rms_fit": 0.004453,
    "rotation_matrix": [
      [
        0.893751,
        0.404733,
        0.193391
      ],
      [
        0.244984,
        -0.801585,
        0.545385
      ],
      [
        0.375755,
        -0.440061,
        -0.81557
      ]
    ],
    "translation": [
      149.027315,
      139.493393,
      175.153961
    ],
    "type": "ls_fitting"
  },
  {
    "chain_id": "R",
    "legacy_residue_idx": 2263,
    "num_points": 6,
    "residue_idx": 2263,
    "residue_name": "  C",
    "residue_seq": 51,
    "rms_fit": 0.005887,
    "rotation_matrix": [
      [
        0.954494,
        0.144228,
        0.261035
      ],
      [
        -0.04604,
        -0.793526,
        0.606792
      ],
      [
        0.294654,
        -0.591198,
        -0.750776
      ]
    ],
    "translation": [
      149.251007,
      135.304013,
      177.233279
    ],
    "type": "ls_fitting"
  },
  {
    "chain_id": "R",
    "legacy_residue_idx": 2264,
    "num_points": 9,
    "residue_idx": 2264,
    "residue_name": "  G",
    "residue_seq": 52,
    "rms_fit": 0.002244,
    "rotation_matrix": [
      [
        -0.948882,
        -0.052958,
        0.311156
      ],
      [
        0.094081,
        -0.988467,
        0.118667
      ],
      [
        0.301283,
        0.141875,
        0.942921
      ]
    ],
    "translation": [
      144.221585,
      138.449112,
      177.803778
    ],
    "type": "ls_fitting"
  },
  {
    "chain_id": "R",
    "legacy_residue_idx": 2265,
    "num_points": 6,
    "residue_idx": 2265,
    "residue_name": "  C",
    "residue_seq": 53,
    "rms_fit": 0.002065,
    "rotation_matrix": [
      [
        -0.211211,
        0.829289,
        -0.517368
      ],
      [
        -0.841198,
        -0.423775,
        -0.335857
      ],
      [
        -0.49777,
        0.364272,
        0.787103
      ]
    ],
    "translation": [
      141.419707,
      129.825678,
      180.019829
    ],
    "type": "ls_fitting"
  },
  {
    "chain_id": "R",
    "legacy_residue_idx": 2266,
    "num_points": 9,
    "residue_idx": 2266,
    "residue_name": "  G",
    "residue_seq": 54,
    "rms_fit": 0.005067,
    "rotation_matrix": [
      [
        0.026187,
        0.982654,
        0.183589
      ],
      [
        -0.993046,
        0.046658,
        -0.108088
      ],
      [
        -0.114779,
        -0.179482,
        0.977042
      ]
    ],
    "translation": [
      139.246308,
      131.191085,
      186.543837
    ],
    "type": "ls_fitting"
  },
  {
    "chain_id": "R",
    "legacy_residue_idx": 2267,
    "num_points": 9,
    "residue_idx": 2267,
    "residue_name": "  G",
    "residue_seq": 55,
    "rms_fit": 0.009404,
    "rotation_matrix": [
      [
        0.805389,
        0.542044,
        0.239869
      ],
      [
        -0.536275,
        0.838716,
        -0.094682
      ],
      [
        -0.252504,
        -0.05238,
        0.966177
      ]
    ],
    "translation": [
      139.842983,
      128.098071,
      189.548061
    ],
    "type": "ls_fitting"
  },
  {
    "chain_id": "R",
    "legacy_residue_idx": 2268,
    "num_points": 6,
    "residue_idx": 2268,
    "residue_name": "  C",
    "residue_seq": 56,
    "rms_fit": 0.007785,
    "rotation_matrix": [
      [
        0.96636,
        -0.070848,
        0.247243
      ],
      [
        0.072455,
        0.997368,
        0.002602
      ],
      [
        -0.246777,
        0.0154,
        0.96895
      ]
    ],
    "translation": [
      141.099787,
      125.729695,
      192.630151
    ],
    "type": "ls_fitting"
  },
  {
    "chain_id": "R",
    "legacy_residue_idx": 2269,
    "num_points": 9,
    "residue_idx": 2269,
    "residue_name": "  A",
    "residue_seq": 57,
    "rms_fit": 0.006205,
    "rotation_matrix": [
      [
        0.645992,
        -0.562608,
        0.515913
      ],
      [
        0.703631,
        0.70092,
        -0.11668
      ],
      [
        -0.295969,
        0.438387,
        0.848657
      ]
    ],
    "translation": [
      147.027428,
      125.555569,
      192.636618
    ],
    "type": "ls_fitting"
  },
  {
    "chain_id": "R",
    "legacy_residue_idx": 2270,
    "num_points": 6,
    "residue_idx": 2270,
    "residue_name": "  U",
    "residue_seq": 58,
    "rms_fit": 0.004253,
    "rotation_matrix": [
      [
        -0.847296,
        0.189859,
        -0.496027
      ],
      [
        0.083752,
        0.970001,
        0.228217
      ],
      [
        0.524476,
        0.151824,
        -0.837779
      ]
    ],
    "translation": [
      144.068247,
      123.244416,
      202.341883
    ],
    "type": "ls_fitting"
  },
  {
    "chain_id": "R",
    "legacy_residue_idx": 2271,
    "num_points": 6,
    "residue_idx": 2271,
    "residue_name": "  U",
    "residue_seq": 59,
    "rms_fit": 0.002088,
    "rotation_matrix": [
      [
        -0.436367,
        0.652176,
        -0.61988
      ],
      [
        0.796709,
        0.60022,
        0.070645
      ],
      [
        0.418137,
        -0.463037,
        -0.78151
      ]
    ],
    "translation": [
      139.989398,
      121.783238,
      202.155039
    ],
    "type": "ls_fitting"
  },
  {
    "chain_id": "R",
    "legacy_residue_idx": 2272,
    "num_points": 6,
    "residue_idx": 2272,
    "residue_name": "  U",
    "residue_seq": 60,
    "rms_fit": 0.003893,
    "rotation_matrix": [
      [
        0.987469,
        0.157419,
        -0.011186
      ],
      [
        -0.030199,
        0.118914,
        -0.992445
      ],
      [
        -0.1549,
        0.980346,
        0.122178
      ]
    ],
    "translation": [
      146.916312,
      117.776342,
      187.585473
    ],
    "type": "ls_fitting"
  },
  {
    "chain_id": "R",
    "legacy_residue_idx": 2273,
    "num_points": 9,
    "residue_idx": 2273,
    "residue_name": "  A",
    "residue_seq": 61,
    "rms_fit": 0.003813,
    "rotation_matrix": [
      [
        0.785678,
        0.433246,
        -0.441598
      ],
      [
        0.233538,
        -0.868721,
        -0.436788
      ],
      [
        -0.572862,
        0.240045,
        -0.783714
      ]
    ],
    "translation": [
      139.287959,
      124.419084,
      196.79748
    ],
    "type": "ls_fitting"
  },
  {
    "chain_id": "R",
    "legacy_residue_idx": 2274,
    "num_points": 9,
    "residue_idx": 2274,
    "residue_name": "  G",
    "residue_seq": 62,
    "rms_fit": 0.021312,
    "rotation_matrix": [
      [
        0.987808,
        -0.057403,
        -0.144708
      ],
      [
        -0.081507,
        -0.982653,
        -0.166581
      ],
      [
        -0.132636,
        0.176345,
        -0.975351
      ]
    ],
    "translation": [
      140.736342,
      125.838202,
      191.980481
    ],
    "type": "ls_fitting"
  },
  {
    "chain_id": "R",
    "legacy_residue_idx": 2275,
    "num_points": 6,
    "residue_idx": 2275,
    "residue_name": "  C",
    "residue_seq": 63,
    "rms_fit": 0.012155,
    "rotation_matrix": [
      [
        0.762306,
        -0.409905,
        -0.500867
      ],
      [
        -0.362664,
        -0.911504,
        0.194001
      ],
      [
        -0.536064,
        0.033758,
        -0.843502
      ]
    ],
    "translation": [
      139.875609,
      128.474171,
      188.273605
    ],
    "type": "ls_fitting"
  },
  {
    "chain_id": "R",
    "legacy_residue_idx": 2276,
    "num_points": 6,
    "residue_idx": 2276,
    "residue_name": "  C",
    "residue_seq": 64,
    "rms_fit": 0.001942,
    "rotation_matrix": [
      [
        0.299677,
        -0.811707,
        -0.501324
      ],
      [
        -0.881784,
        -0.436262,
        0.179257
      ],
      [
        -0.364213,
        0.38834,
        -0.846487
      ]
    ],
    "translation": [
      139.961253,
      129.193848,
      183.887338
    ],
    "type": "ls_fitting"
  },
  {
    "chain_id": "R",
    "legacy_residue_idx": 2277,
    "num_points": 9,
    "residue_idx": 2277,
    "residue_name": "  G",
    "residue_seq": 65,
    "rms_fit": 0.006633,
    "rotation_matrix": [
      [
        0.357785,
        -0.929083,
        -0.093777
      ],
      [
        -0.839569,
        -0.364016,
        0.403256
      ],
      [
        -0.408795,
        -0.065547,
        -0.91027
      ]
    ],
    "translation": [
      140.612648,
      134.495312,
      183.615564
    ],
    "type": "ls_fitting"
  },
  {
    "chain_id": "R",
    "legacy_residue_idx": 2278,
    "num_points": 6,
    "residue_idx": 2278,
    "residue_name": "  C",
    "residue_seq": 66,
    "rms_fit": 0.002215,
    "rotation_matrix": [
      [
        -0.189142,
        -0.981829,
        0.015373
      ],
      [
        -0.934992,
        0.184858,
        0.302683
      ],
      [
        -0.300025,
        0.042876,
        -0.952967
      ]
    ],
    "translation": [
      140.934982,
      134.881677,
      179.628226
    ],
    "type": "ls_fitting"
  }
]